TIME_UNITS day
DATA_UNITS m
0	0	0	12.87
1	0	0	12.87
2	0	0	12.87
3	0	0	12.87
4	0	0	12.87
5	0	0	12.87
6	0	0	12.87
7	0	0	12.87
8	0	0	12.87
9	0	0	12.87
10	0	0	12.87
11	0	0	12.87
12	0	0	12.87
13	0	0	12.87
14	0	0	12.87
15	0	0	12.87
16	0	0	12.87
17	0	0	12.87
18	0	0	12.87
19	0	0	12.87
20	0	0	12.87
21	0	0	12.87
22	0	0	12.87
23	0	0	12.87
24	0	0	12.87
25	0	0	12.87
26	0	0	12.87
27	0	0	12.87
28	0	0	12.87
29	0	0	12.87
30	0	0	12.52
31	0	0	12.52
32	0	0	12.52
33	0	0	12.52
34	0	0	12.52
35	0	0	12.52
36	0	0	12.52
37	0	0	12.52
38	0	0	12.52
39	0	0	12.52
40	0	0	12.52
41	0	0	12.52
42	0	0	12.52
43	0	0	12.52
44	0	0	12.52
45	0	0	12.52
46	0	0	12.52
47	0	0	12.52
48	0	0	12.52
49	0	0	12.52
50	0	0	12.52
51	0	0	12.52
52	0	0	12.52
53	0	0	12.52
54	0	0	12.52
55	0	0	12.52
56	0	0	12.52
57	0	0	12.52
58	0	0	12.52
59	0	0	12.52
60	0	0	12.52
61	0	0	12.97
62	0	0	12.97
63	0	0	12.97
64	0	0	12.97
65	0	0	12.97
66	0	0	12.97
67	0	0	12.97
68	0	0	12.97
69	0	0	12.97
70	0	0	12.97
71	0	0	12.97
72	0	0	12.97
73	0	0	12.97
74	0	0	12.97
75	0	0	12.97
76	0	0	12.97
77	0	0	12.97
78	0	0	12.97
79	0	0	12.97
80	0	0	12.97
81	0	0	12.97
82	0	0	12.97
83	0	0	12.97
84	0	0	12.97
85	0	0	12.97
86	0	0	12.97
87	0	0	12.97
88	0	0	12.97
89	0	0	12.97
90	0	0	12.97
91	0	0	12.97
92	0	0	12.81
93	0	0	12.81
94	0	0	12.81
95	0	0	12.81
96	0	0	12.81
97	0	0	12.81
98	0	0	12.81
99	0	0	12.81
100	0	0	12.81
101	0	0	12.81
102	0	0	12.81
103	0	0	12.81
104	0	0	12.81
105	0	0	12.81
106	0	0	12.81
107	0	0	12.81
108	0	0	12.81
109	0	0	12.81
110	0	0	12.81
111	0	0	12.81
112	0	0	12.81
113	0	0	12.81
114	0	0	12.81
115	0	0	12.81
116	0	0	12.81
117	0	0	12.81
118	0	0	12.81
119	0	0	12.81
120	0	0	12.81
121	0	0	12.81
122	0	0	12.93
123	0	0	12.93
124	0	0	12.93
125	0	0	12.93
126	0	0	12.93
127	0	0	12.93
128	0	0	12.93
129	0	0	12.93
130	0	0	12.93
131	0	0	12.93
132	0	0	12.93
133	0	0	12.93
134	0	0	12.93
135	0	0	12.93
136	0	0	12.93
137	0	0	12.93
138	0	0	12.93
139	0	0	12.93
140	0	0	12.93
141	0	0	12.93
142	0	0	12.93
143	0	0	12.93
144	0	0	12.93
145	0	0	12.93
146	0	0	12.93
147	0	0	12.93
148	0	0	12.93
149	0	0	12.93
150	0	0	12.93
151	0	0	12.93
152	0	0	12.93
153	0	0	12.79
154	0	0	12.79
155	0	0	12.79
156	0	0	12.79
157	0	0	12.79
158	0	0	12.79
159	0	0	12.79
160	0	0	12.79
161	0	0	12.79
162	0	0	12.79
163	0	0	12.79
164	0	0	12.79
165	0	0	12.79
166	0	0	12.79
167	0	0	12.79
168	0	0	12.79
169	0	0	12.79
170	0	0	12.79
171	0	0	12.79
172	0	0	12.79
173	0	0	12.79
174	0	0	12.79
175	0	0	12.79
176	0	0	12.79
177	0	0	12.79
178	0	0	12.79
179	0	0	12.79
180	0	0	12.79
181	0	0	12.79
182	0	0	12.79
183	0	0	13.44
184	0	0	13.44
185	0	0	13.44
186	0	0	13.44
187	0	0	13.44
188	0	0	13.44
189	0	0	13.44
190	0	0	13.44
191	0	0	13.44
192	0	0	13.44
193	0	0	13.44
194	0	0	13.44
195	0	0	13.44
196	0	0	13.44
197	0	0	13.44
198	0	0	13.44
199	0	0	13.44
200	0	0	13.44
201	0	0	13.44
202	0	0	13.44
203	0	0	13.44
204	0	0	13.44
205	0	0	13.44
206	0	0	13.44
207	0	0	13.44
208	0	0	13.44
209	0	0	13.44
210	0	0	13.44
211	0	0	13.44
212	0	0	13.44
213	0	0	13.44
214	0	0	12.46
215	0	0	12.46
216	0	0	12.46
217	0	0	12.46
218	0	0	12.46
219	0	0	12.46
220	0	0	12.46
221	0	0	12.46
222	0	0	12.46
223	0	0	12.46
224	0	0	12.46
225	0	0	12.46
226	0	0	12.46
227	0	0	12.46
228	0	0	12.46
229	0	0	12.46
230	0	0	12.46
231	0	0	12.46
232	0	0	12.46
233	0	0	12.46
234	0	0	12.46
235	0	0	12.46
236	0	0	12.46
237	0	0	12.46
238	0	0	12.46
239	0	0	12.46
240	0	0	12.46
241	0	0	12.46
242	0	0	12.46
243	0	0	12.46
244	0	0	12.46
245	0	0	13.55
246	0	0	13.55
247	0	0	13.55
248	0	0	13.55
249	0	0	13.55
250	0	0	13.55
251	0	0	13.55
252	0	0	13.55
253	0	0	13.55
254	0	0	13.55
255	0	0	13.55
256	0	0	13.55
257	0	0	13.55
258	0	0	13.55
259	0	0	13.55
260	0	0	13.55
261	0	0	13.55
262	0	0	13.55
263	0	0	13.55
264	0	0	13.55
265	0	0	13.55
266	0	0	13.55
267	0	0	13.55
268	0	0	13.55
269	0	0	13.55
270	0	0	13.55
271	0	0	13.55
272	0	0	13.55
273	0	0	13.14
274	0	0	13.14
275	0	0	13.14
276	0	0	13.14
277	0	0	13.14
278	0	0	13.14
279	0	0	13.14
280	0	0	13.14
281	0	0	13.14
282	0	0	13.14
283	0	0	13.14
284	0	0	13.14
285	0	0	13.14
286	0	0	13.14
287	0	0	13.14
288	0	0	13.14
289	0	0	13.14
290	0	0	13.14
291	0	0	13.14
292	0	0	13.14
293	0	0	13.14
294	0	0	13.14
295	0	0	13.14
296	0	0	13.14
297	0	0	13.14
298	0	0	13.14
299	0	0	13.14
300	0	0	13.14
301	0	0	13.14
302	0	0	13.14
303	0	0	13.14
304	0	0	13.24
305	0	0	13.24
306	0	0	13.24
307	0	0	13.24
308	0	0	13.24
309	0	0	13.24
310	0	0	13.24
311	0	0	13.24
312	0	0	13.24
313	0	0	13.24
314	0	0	13.24
315	0	0	13.24
316	0	0	13.24
317	0	0	13.24
318	0	0	13.24
319	0	0	13.24
320	0	0	13.24
321	0	0	13.24
322	0	0	13.24
323	0	0	13.24
324	0	0	13.24
325	0	0	13.24
326	0	0	13.24
327	0	0	13.24
328	0	0	13.24
329	0	0	13.24
330	0	0	13.24
331	0	0	13.24
332	0	0	13.24
333	0	0	13.24
334	0	0	13.94
335	0	0	13.94
336	0	0	13.94
337	0	0	13.94
338	0	0	13.94
339	0	0	13.94
340	0	0	13.94
341	0	0	13.94
342	0	0	13.94
343	0	0	13.94
344	0	0	13.94
345	0	0	13.94
346	0	0	13.94
347	0	0	13.94
348	0	0	13.94
349	0	0	13.94
350	0	0	13.94
351	0	0	13.94
352	0	0	13.94
353	0	0	13.94
354	0	0	13.94
355	0	0	13.94
356	0	0	13.94
357	0	0	13.94
358	0	0	13.94
359	0	0	13.94
360	0	0	13.94
361	0	0	13.94
362	0	0	13.94
363	0	0	13.94
364	0	0	13.94
365	0	0	12.87
366	0	0	12.87
367	0	0	12.87
368	0	0	12.87
369	0	0	12.87
370	0	0	12.87
371	0	0	12.87
372	0	0	12.87
373	0	0	12.87
374	0	0	12.87
375	0	0	12.87
376	0	0	12.87
377	0	0	12.87
378	0	0	12.87
379	0	0	12.87
380	0	0	12.87
381	0	0	12.87
382	0	0	12.87
383	0	0	12.87
384	0	0	12.87
385	0	0	12.87
386	0	0	12.87
387	0	0	12.87
388	0	0	12.87
389	0	0	12.87
390	0	0	12.87
391	0	0	12.87
392	0	0	12.87
393	0	0	12.87
394	0	0	12.87
395	0	0	12.52
396	0	0	12.52
397	0	0	12.52
398	0	0	12.52
399	0	0	12.52
400	0	0	12.52
401	0	0	12.52
402	0	0	12.52
403	0	0	12.52
404	0	0	12.52
405	0	0	12.52
406	0	0	12.52
407	0	0	12.52
408	0	0	12.52
409	0	0	12.52
410	0	0	12.52
411	0	0	12.52
412	0	0	12.52
413	0	0	12.52
414	0	0	12.52
415	0	0	12.52
416	0	0	12.52
417	0	0	12.52
418	0	0	12.52
419	0	0	12.52
420	0	0	12.52
421	0	0	12.52
422	0	0	12.52
423	0	0	12.52
424	0	0	12.52
425	0	0	12.52
426	0	0	12.97
427	0	0	12.97
428	0	0	12.97
429	0	0	12.97
430	0	0	12.97
431	0	0	12.97
432	0	0	12.97
433	0	0	12.97
434	0	0	12.97
435	0	0	12.97
436	0	0	12.97
437	0	0	12.97
438	0	0	12.97
439	0	0	12.97
440	0	0	12.97
441	0	0	12.97
442	0	0	12.97
443	0	0	12.97
444	0	0	12.97
445	0	0	12.97
446	0	0	12.97
447	0	0	12.97
448	0	0	12.97
449	0	0	12.97
450	0	0	12.97
451	0	0	12.97
452	0	0	12.97
453	0	0	12.97
454	0	0	12.97
455	0	0	12.97
456	0	0	12.97
457	0	0	12.81
458	0	0	12.81
459	0	0	12.81
460	0	0	12.81
461	0	0	12.81
462	0	0	12.81
463	0	0	12.81
464	0	0	12.81
465	0	0	12.81
466	0	0	12.81
467	0	0	12.81
468	0	0	12.81
469	0	0	12.81
470	0	0	12.81
471	0	0	12.81
472	0	0	12.81
473	0	0	12.81
474	0	0	12.81
475	0	0	12.81
476	0	0	12.81
477	0	0	12.81
478	0	0	12.81
479	0	0	12.81
480	0	0	12.81
481	0	0	12.81
482	0	0	12.81
483	0	0	12.81
484	0	0	12.81
485	0	0	12.81
486	0	0	12.81
487	0	0	12.93
488	0	0	12.93
489	0	0	12.93
490	0	0	12.93
491	0	0	12.93
492	0	0	12.93
493	0	0	12.93
494	0	0	12.93
495	0	0	12.93
496	0	0	12.93
497	0	0	12.93
498	0	0	12.93
499	0	0	12.93
500	0	0	12.93
501	0	0	12.93
502	0	0	12.93
503	0	0	12.93
504	0	0	12.93
505	0	0	12.93
506	0	0	12.93
507	0	0	12.93
508	0	0	12.93
509	0	0	12.93
510	0	0	12.93
511	0	0	12.93
512	0	0	12.93
513	0	0	12.93
514	0	0	12.93
515	0	0	12.93
516	0	0	12.93
517	0	0	12.93
518	0	0	12.79
519	0	0	12.79
520	0	0	12.79
521	0	0	12.79
522	0	0	12.79
523	0	0	12.79
524	0	0	12.79
525	0	0	12.79
526	0	0	12.79
527	0	0	12.79
528	0	0	12.79
529	0	0	12.79
530	0	0	12.79
531	0	0	12.79
532	0	0	12.79
533	0	0	12.79
534	0	0	12.79
535	0	0	12.79
536	0	0	12.79
537	0	0	12.79
538	0	0	12.79
539	0	0	12.79
540	0	0	12.79
541	0	0	12.79
542	0	0	12.79
543	0	0	12.79
544	0	0	12.79
545	0	0	12.79
546	0	0	12.79
547	0	0	12.79
548	0	0	13.44
549	0	0	13.44
550	0	0	13.44
551	0	0	13.44
552	0	0	13.44
553	0	0	13.44
554	0	0	13.44
555	0	0	13.44
556	0	0	13.44
557	0	0	13.44
558	0	0	13.44
559	0	0	13.44
560	0	0	13.44
561	0	0	13.44
562	0	0	13.44
563	0	0	13.44
564	0	0	13.44
565	0	0	13.44
566	0	0	13.44
567	0	0	13.44
568	0	0	13.44
569	0	0	13.44
570	0	0	13.44
571	0	0	13.44
572	0	0	13.44
573	0	0	13.44
574	0	0	13.44
575	0	0	13.44
576	0	0	13.44
577	0	0	13.44
578	0	0	13.44
579	0	0	12.46
580	0	0	12.46
581	0	0	12.46
582	0	0	12.46
583	0	0	12.46
584	0	0	12.46
585	0	0	12.46
586	0	0	12.46
587	0	0	12.46
588	0	0	12.46
589	0	0	12.46
590	0	0	12.46
591	0	0	12.46
592	0	0	12.46
593	0	0	12.46
594	0	0	12.46
595	0	0	12.46
596	0	0	12.46
597	0	0	12.46
598	0	0	12.46
599	0	0	12.46
600	0	0	12.46
601	0	0	12.46
602	0	0	12.46
603	0	0	12.46
604	0	0	12.46
605	0	0	12.46
606	0	0	12.46
607	0	0	12.46
608	0	0	12.46
609	0	0	12.46
610	0	0	13.55
611	0	0	13.55
612	0	0	13.55
613	0	0	13.55
614	0	0	13.55
615	0	0	13.55
616	0	0	13.55
617	0	0	13.55
618	0	0	13.55
619	0	0	13.55
620	0	0	13.55
621	0	0	13.55
622	0	0	13.55
623	0	0	13.55
624	0	0	13.55
625	0	0	13.55
626	0	0	13.55
627	0	0	13.55
628	0	0	13.55
629	0	0	13.55
630	0	0	13.55
631	0	0	13.55
632	0	0	13.55
633	0	0	13.55
634	0	0	13.55
635	0	0	13.55
636	0	0	13.55
637	0	0	13.55
638	0	0	13.14
639	0	0	13.14
640	0	0	13.14
641	0	0	13.14
642	0	0	13.14
643	0	0	13.14
644	0	0	13.14
645	0	0	13.14
646	0	0	13.14
647	0	0	13.14
648	0	0	13.14
649	0	0	13.14
650	0	0	13.14
651	0	0	13.14
652	0	0	13.14
653	0	0	13.14
654	0	0	13.14
655	0	0	13.14
656	0	0	13.14
657	0	0	13.14
658	0	0	13.14
659	0	0	13.14
660	0	0	13.14
661	0	0	13.14
662	0	0	13.14
663	0	0	13.14
664	0	0	13.14
665	0	0	13.14
666	0	0	13.14
667	0	0	13.14
668	0	0	13.14
669	0	0	13.24
670	0	0	13.24
671	0	0	13.24
672	0	0	13.24
673	0	0	13.24
674	0	0	13.24
675	0	0	13.24
676	0	0	13.24
677	0	0	13.24
678	0	0	13.24
679	0	0	13.24
680	0	0	13.24
681	0	0	13.24
682	0	0	13.24
683	0	0	13.24
684	0	0	13.24
685	0	0	13.24
686	0	0	13.24
687	0	0	13.24
688	0	0	13.24
689	0	0	13.24
690	0	0	13.24
691	0	0	13.24
692	0	0	13.24
693	0	0	13.24
694	0	0	13.24
695	0	0	13.24
696	0	0	13.24
697	0	0	13.24
698	0	0	13.24
699	0	0	13.94
700	0	0	13.94
701	0	0	13.94
702	0	0	13.94
703	0	0	13.94
704	0	0	13.94
705	0	0	13.94
706	0	0	13.94
707	0	0	13.94
708	0	0	13.94
709	0	0	13.94
710	0	0	13.94
711	0	0	13.94
712	0	0	13.94
713	0	0	13.94
714	0	0	13.94
715	0	0	13.94
716	0	0	13.94
717	0	0	13.94
718	0	0	13.94
719	0	0	13.94
720	0	0	13.94
721	0	0	13.94
722	0	0	13.94
723	0	0	13.94
724	0	0	13.94
725	0	0	13.94
726	0	0	13.94
727	0	0	13.94
728	0	0	13.94
729	0	0	13.94
730	0	0	12.87
731	0	0	12.87
732	0	0	12.87
733	0	0	12.87
734	0	0	12.87
735	0	0	12.87
736	0	0	12.87
737	0	0	12.87
738	0	0	12.87
739	0	0	12.87
740	0	0	12.87
741	0	0	12.87
742	0	0	12.87
743	0	0	12.87
744	0	0	12.87
745	0	0	12.87
746	0	0	12.87
747	0	0	12.87
748	0	0	12.87
749	0	0	12.87
750	0	0	12.87
751	0	0	12.87
752	0	0	12.87
753	0	0	12.87
754	0	0	12.87
755	0	0	12.87
756	0	0	12.87
757	0	0	12.87
758	0	0	12.87
759	0	0	12.87
760	0	0	12.52
761	0	0	12.52
762	0	0	12.52
763	0	0	12.52
764	0	0	12.52
765	0	0	12.52
766	0	0	12.52
767	0	0	12.52
768	0	0	12.52
769	0	0	12.52
770	0	0	12.52
771	0	0	12.52
772	0	0	12.52
773	0	0	12.52
774	0	0	12.52
775	0	0	12.52
776	0	0	12.52
777	0	0	12.52
778	0	0	12.52
779	0	0	12.52
780	0	0	12.52
781	0	0	12.52
782	0	0	12.52
783	0	0	12.52
784	0	0	12.52
785	0	0	12.52
786	0	0	12.52
787	0	0	12.52
788	0	0	12.52
789	0	0	12.52
790	0	0	12.52
791	0	0	12.97
792	0	0	12.97
793	0	0	12.97
794	0	0	12.97
795	0	0	12.97
796	0	0	12.97
797	0	0	12.97
798	0	0	12.97
799	0	0	12.97
800	0	0	12.97
801	0	0	12.97
802	0	0	12.97
803	0	0	12.97
804	0	0	12.97
805	0	0	12.97
806	0	0	12.97
807	0	0	12.97
808	0	0	12.97
809	0	0	12.97
810	0	0	12.97
811	0	0	12.97
812	0	0	12.97
813	0	0	12.97
814	0	0	12.97
815	0	0	12.97
816	0	0	12.97
817	0	0	12.97
818	0	0	12.97
819	0	0	12.97
820	0	0	12.97
821	0	0	12.97
822	0	0	12.81
823	0	0	12.81
824	0	0	12.81
825	0	0	12.81
826	0	0	12.81
827	0	0	12.81
828	0	0	12.81
829	0	0	12.81
830	0	0	12.81
831	0	0	12.81
832	0	0	12.81
833	0	0	12.81
834	0	0	12.81
835	0	0	12.81
836	0	0	12.81
837	0	0	12.81
838	0	0	12.81
839	0	0	12.81
840	0	0	12.81
841	0	0	12.81
842	0	0	12.81
843	0	0	12.81
844	0	0	12.81
845	0	0	12.81
846	0	0	12.81
847	0	0	12.81
848	0	0	12.81
849	0	0	12.81
850	0	0	12.81
851	0	0	12.81
852	0	0	12.93
853	0	0	12.93
854	0	0	12.93
855	0	0	12.93
856	0	0	12.93
857	0	0	12.93
858	0	0	12.93
859	0	0	12.93
860	0	0	12.93
861	0	0	12.93
862	0	0	12.93
863	0	0	12.93
864	0	0	12.93
865	0	0	12.93
866	0	0	12.93
867	0	0	12.93
868	0	0	12.93
869	0	0	12.93
870	0	0	12.93
871	0	0	12.93
872	0	0	12.93
873	0	0	12.93
874	0	0	12.93
875	0	0	12.93
876	0	0	12.93
877	0	0	12.93
878	0	0	12.93
879	0	0	12.93
880	0	0	12.93
881	0	0	12.93
882	0	0	12.93
883	0	0	12.79
884	0	0	12.79
885	0	0	12.79
886	0	0	12.79
887	0	0	12.79
888	0	0	12.79
889	0	0	12.79
890	0	0	12.79
891	0	0	12.79
892	0	0	12.79
893	0	0	12.79
894	0	0	12.79
895	0	0	12.79
896	0	0	12.79
897	0	0	12.79
898	0	0	12.79
899	0	0	12.79
900	0	0	12.79
901	0	0	12.79
902	0	0	12.79
903	0	0	12.79
904	0	0	12.79
905	0	0	12.79
906	0	0	12.79
907	0	0	12.79
908	0	0	12.79
909	0	0	12.79
910	0	0	12.79
911	0	0	12.79
912	0	0	12.79
913	0	0	13.44
914	0	0	13.44
915	0	0	13.44
916	0	0	13.44
917	0	0	13.44
918	0	0	13.44
919	0	0	13.44
920	0	0	13.44
921	0	0	13.44
922	0	0	13.44
923	0	0	13.44
924	0	0	13.44
925	0	0	13.44
926	0	0	13.44
927	0	0	13.44
928	0	0	13.44
929	0	0	13.44
930	0	0	13.44
931	0	0	13.44
932	0	0	13.44
933	0	0	13.44
934	0	0	13.44
935	0	0	13.44
936	0	0	13.44
937	0	0	13.44
938	0	0	13.44
939	0	0	13.44
940	0	0	13.44
941	0	0	13.44
942	0	0	13.44
943	0	0	13.44
944	0	0	12.46
945	0	0	12.46
946	0	0	12.46
947	0	0	12.46
948	0	0	12.46
949	0	0	12.46
950	0	0	12.46
951	0	0	12.46
952	0	0	12.46
953	0	0	12.46
954	0	0	12.46
955	0	0	12.46
956	0	0	12.46
957	0	0	12.46
958	0	0	12.46
959	0	0	12.46
960	0	0	12.46
961	0	0	12.46
962	0	0	12.46
963	0	0	12.46
964	0	0	12.46
965	0	0	12.46
966	0	0	12.46
967	0	0	12.46
968	0	0	12.46
969	0	0	12.46
970	0	0	12.46
971	0	0	12.46
972	0	0	12.46
973	0	0	12.46
974	0	0	12.46
975	0	0	13.55
976	0	0	13.55
977	0	0	13.55
978	0	0	13.55
979	0	0	13.55
980	0	0	13.55
981	0	0	13.55
982	0	0	13.55
983	0	0	13.55
984	0	0	13.55
985	0	0	13.55
986	0	0	13.55
987	0	0	13.55
988	0	0	13.55
989	0	0	13.55
990	0	0	13.55
991	0	0	13.55
992	0	0	13.55
993	0	0	13.55
994	0	0	13.55
995	0	0	13.55
996	0	0	13.55
997	0	0	13.55
998	0	0	13.55
999	0	0	13.55
1000	0	0	13.55
1001	0	0	13.55
1002	0	0	13.55
1003	0	0	13.14
1004	0	0	13.14
1005	0	0	13.14
1006	0	0	13.14
1007	0	0	13.14
1008	0	0	13.14
1009	0	0	13.14
1010	0	0	13.14
1011	0	0	13.14
1012	0	0	13.14
1013	0	0	13.14
1014	0	0	13.14
1015	0	0	13.14
1016	0	0	13.14
1017	0	0	13.14
1018	0	0	13.14
1019	0	0	13.14
1020	0	0	13.14
1021	0	0	13.14
1022	0	0	13.14
1023	0	0	13.14
1024	0	0	13.14
1025	0	0	13.14
1026	0	0	13.14
1027	0	0	13.14
1028	0	0	13.14
1029	0	0	13.14
1030	0	0	13.14
1031	0	0	13.14
1032	0	0	13.14
1033	0	0	13.14
1034	0	0	13.24
1035	0	0	13.24
1036	0	0	13.24
1037	0	0	13.24
1038	0	0	13.24
1039	0	0	13.24
1040	0	0	13.24
1041	0	0	13.24
1042	0	0	13.24
1043	0	0	13.24
1044	0	0	13.24
1045	0	0	13.24
1046	0	0	13.24
1047	0	0	13.24
1048	0	0	13.24
1049	0	0	13.24
1050	0	0	13.24
1051	0	0	13.24
1052	0	0	13.24
1053	0	0	13.24
1054	0	0	13.24
1055	0	0	13.24
1056	0	0	13.24
1057	0	0	13.24
1058	0	0	13.24
1059	0	0	13.24
1060	0	0	13.24
1061	0	0	13.24
1062	0	0	13.24
1063	0	0	13.24
1064	0	0	13.94
1065	0	0	13.94
1066	0	0	13.94
1067	0	0	13.94
1068	0	0	13.94
1069	0	0	13.94
1070	0	0	13.94
1071	0	0	13.94
1072	0	0	13.94
1073	0	0	13.94
1074	0	0	13.94
1075	0	0	13.94
1076	0	0	13.94
1077	0	0	13.94
1078	0	0	13.94
1079	0	0	13.94
1080	0	0	13.94
1081	0	0	13.94
1082	0	0	13.94
1083	0	0	13.94
1084	0	0	13.94
1085	0	0	13.94
1086	0	0	13.94
1087	0	0	13.94
1088	0	0	13.94
1089	0	0	13.94
1090	0	0	13.94
1091	0	0	13.94
1092	0	0	13.94
1093	0	0	13.94
1094	0	0	13.94
1095	0	0	12.87
1096	0	0	12.87
1097	0	0	12.87
1098	0	0	12.87
1099	0	0	12.87
1100	0	0	12.87
1101	0	0	12.87
1102	0	0	12.87
1103	0	0	12.87
1104	0	0	12.87
1105	0	0	12.87
1106	0	0	12.87
1107	0	0	12.87
1108	0	0	12.87
1109	0	0	12.87
1110	0	0	12.87
1111	0	0	12.87
1112	0	0	12.87
1113	0	0	12.87
1114	0	0	12.87
1115	0	0	12.87
1116	0	0	12.87
1117	0	0	12.87
1118	0	0	12.87
1119	0	0	12.87
1120	0	0	12.87
1121	0	0	12.87
1122	0	0	12.87
1123	0	0	12.87
1124	0	0	12.87
1125	0	0	12.52
1126	0	0	12.52
1127	0	0	12.52
1128	0	0	12.52
1129	0	0	12.52
1130	0	0	12.52
1131	0	0	12.52
1132	0	0	12.52
1133	0	0	12.52
1134	0	0	12.52
1135	0	0	12.52
1136	0	0	12.52
1137	0	0	12.52
1138	0	0	12.52
1139	0	0	12.52
1140	0	0	12.52
1141	0	0	12.52
1142	0	0	12.52
1143	0	0	12.52
1144	0	0	12.52
1145	0	0	12.52
1146	0	0	12.52
1147	0	0	12.52
1148	0	0	12.52
1149	0	0	12.52
1150	0	0	12.52
1151	0	0	12.52
1152	0	0	12.52
1153	0	0	12.52
1154	0	0	12.52
1155	0	0	12.52
1156	0	0	12.97
1157	0	0	12.97
1158	0	0	12.97
1159	0	0	12.97
1160	0	0	12.97
1161	0	0	12.97
1162	0	0	12.97
1163	0	0	12.97
1164	0	0	12.97
1165	0	0	12.97
1166	0	0	12.97
1167	0	0	12.97
1168	0	0	12.97
1169	0	0	12.97
1170	0	0	12.97
1171	0	0	12.97
1172	0	0	12.97
1173	0	0	12.97
1174	0	0	12.97
1175	0	0	12.97
1176	0	0	12.97
1177	0	0	12.97
1178	0	0	12.97
1179	0	0	12.97
1180	0	0	12.97
1181	0	0	12.97
1182	0	0	12.97
1183	0	0	12.97
1184	0	0	12.97
1185	0	0	12.97
1186	0	0	12.97
1187	0	0	12.81
1188	0	0	12.81
1189	0	0	12.81
1190	0	0	12.81
1191	0	0	12.81
1192	0	0	12.81
1193	0	0	12.81
1194	0	0	12.81
1195	0	0	12.81
1196	0	0	12.81
1197	0	0	12.81
1198	0	0	12.81
1199	0	0	12.81
1200	0	0	12.81
1201	0	0	12.81
1202	0	0	12.81
1203	0	0	12.81
1204	0	0	12.81
1205	0	0	12.81
1206	0	0	12.81
1207	0	0	12.81
1208	0	0	12.81
1209	0	0	12.81
1210	0	0	12.81
1211	0	0	12.81
1212	0	0	12.81
1213	0	0	12.81
1214	0	0	12.81
1215	0	0	12.81
1216	0	0	12.81
1217	0	0	12.93
1218	0	0	12.93
1219	0	0	12.93
1220	0	0	12.93
1221	0	0	12.93
1222	0	0	12.93
1223	0	0	12.93
1224	0	0	12.93
1225	0	0	12.93
1226	0	0	12.93
1227	0	0	12.93
1228	0	0	12.93
1229	0	0	12.93
1230	0	0	12.93
1231	0	0	12.93
1232	0	0	12.93
1233	0	0	12.93
1234	0	0	12.93
1235	0	0	12.93
1236	0	0	12.93
1237	0	0	12.93
1238	0	0	12.93
1239	0	0	12.93
1240	0	0	12.93
1241	0	0	12.93
1242	0	0	12.93
1243	0	0	12.93
1244	0	0	12.93
1245	0	0	12.93
1246	0	0	12.93
1247	0	0	12.93
1248	0	0	12.79
1249	0	0	12.79
1250	0	0	12.79
1251	0	0	12.79
1252	0	0	12.79
1253	0	0	12.79
1254	0	0	12.79
1255	0	0	12.79
1256	0	0	12.79
1257	0	0	12.79
1258	0	0	12.79
1259	0	0	12.79
1260	0	0	12.79
1261	0	0	12.79
1262	0	0	12.79
1263	0	0	12.79
1264	0	0	12.79
1265	0	0	12.79
1266	0	0	12.79
1267	0	0	12.79
1268	0	0	12.79
1269	0	0	12.79
1270	0	0	12.79
1271	0	0	12.79
1272	0	0	12.79
1273	0	0	12.79
1274	0	0	12.79
1275	0	0	12.79
1276	0	0	12.79
1277	0	0	12.79
1278	0	0	13.44
1279	0	0	13.44
1280	0	0	13.44
1281	0	0	13.44
1282	0	0	13.44
1283	0	0	13.44
1284	0	0	13.44
1285	0	0	13.44
1286	0	0	13.44
1287	0	0	13.44
1288	0	0	13.44
1289	0	0	13.44
1290	0	0	13.44
1291	0	0	13.44
1292	0	0	13.44
1293	0	0	13.44
1294	0	0	13.44
1295	0	0	13.44
1296	0	0	13.44
1297	0	0	13.44
1298	0	0	13.44
1299	0	0	13.44
1300	0	0	13.44
1301	0	0	13.44
1302	0	0	13.44
1303	0	0	13.44
1304	0	0	13.44
1305	0	0	13.44
1306	0	0	13.44
1307	0	0	13.44
1308	0	0	13.44
1309	0	0	12.46
1310	0	0	12.46
1311	0	0	12.46
1312	0	0	12.46
1313	0	0	12.46
1314	0	0	12.46
1315	0	0	12.46
1316	0	0	12.46
1317	0	0	12.46
1318	0	0	12.46
1319	0	0	12.46
1320	0	0	12.46
1321	0	0	12.46
1322	0	0	12.46
1323	0	0	12.46
1324	0	0	12.46
1325	0	0	12.46
1326	0	0	12.46
1327	0	0	12.46
1328	0	0	12.46
1329	0	0	12.46
1330	0	0	12.46
1331	0	0	12.46
1332	0	0	12.46
1333	0	0	12.46
1334	0	0	12.46
1335	0	0	12.46
1336	0	0	12.46
1337	0	0	12.46
1338	0	0	12.46
1339	0	0	12.46
1340	0	0	13.55
1341	0	0	13.55
1342	0	0	13.55
1343	0	0	13.55
1344	0	0	13.55
1345	0	0	13.55
1346	0	0	13.55
1347	0	0	13.55
1348	0	0	13.55
1349	0	0	13.55
1350	0	0	13.55
1351	0	0	13.55
1352	0	0	13.55
1353	0	0	13.55
1354	0	0	13.55
1355	0	0	13.55
1356	0	0	13.55
1357	0	0	13.55
1358	0	0	13.55
1359	0	0	13.55
1360	0	0	13.55
1361	0	0	13.55
1362	0	0	13.55
1363	0	0	13.55
1364	0	0	13.55
1365	0	0	13.55
1366	0	0	13.55
1367	0	0	13.55
1368	0	0	13.55
1369	0	0	13.14
1370	0	0	13.14
1371	0	0	13.14
1372	0	0	13.14
1373	0	0	13.14
1374	0	0	13.14
1375	0	0	13.14
1376	0	0	13.14
1377	0	0	13.14
1378	0	0	13.14
1379	0	0	13.14
1380	0	0	13.14
1381	0	0	13.14
1382	0	0	13.14
1383	0	0	13.14
1384	0	0	13.14
1385	0	0	13.14
1386	0	0	13.14
1387	0	0	13.14
1388	0	0	13.14
1389	0	0	13.14
1390	0	0	13.14
1391	0	0	13.14
1392	0	0	13.14
1393	0	0	13.14
1394	0	0	13.14
1395	0	0	13.14
1396	0	0	13.14
1397	0	0	13.14
1398	0	0	13.14
1399	0	0	13.14
1400	0	0	13.24
1401	0	0	13.24
1402	0	0	13.24
1403	0	0	13.24
1404	0	0	13.24
1405	0	0	13.24
1406	0	0	13.24
1407	0	0	13.24
1408	0	0	13.24
1409	0	0	13.24
1410	0	0	13.24
1411	0	0	13.24
1412	0	0	13.24
1413	0	0	13.24
1414	0	0	13.24
1415	0	0	13.24
1416	0	0	13.24
1417	0	0	13.24
1418	0	0	13.24
1419	0	0	13.24
1420	0	0	13.24
1421	0	0	13.24
1422	0	0	13.24
1423	0	0	13.24
1424	0	0	13.24
1425	0	0	13.24
1426	0	0	13.24
1427	0	0	13.24
1428	0	0	13.24
1429	0	0	13.24
1430	0	0	13.94
1431	0	0	13.94
1432	0	0	13.94
1433	0	0	13.94
1434	0	0	13.94
1435	0	0	13.94
1436	0	0	13.94
1437	0	0	13.94
1438	0	0	13.94
1439	0	0	13.94
1440	0	0	13.94
1441	0	0	13.94
1442	0	0	13.94
1443	0	0	13.94
1444	0	0	13.94
1445	0	0	13.94
1446	0	0	13.94
1447	0	0	13.94
1448	0	0	13.94
1449	0	0	13.94
1450	0	0	13.94
1451	0	0	13.94
1452	0	0	13.94
1453	0	0	13.94
1454	0	0	13.94
1455	0	0	13.94
1456	0	0	13.94
1457	0	0	13.94
1458	0	0	13.94
1459	0	0	13.94
1460	0	0	13.94
1461	0	0	12.87
1462	0	0	12.87
1463	0	0	12.87
1464	0	0	12.87
1465	0	0	12.87
1466	0	0	12.87
1467	0	0	12.87
1468	0	0	12.87
1469	0	0	12.87
1470	0	0	12.87
1471	0	0	12.87
1472	0	0	12.87
1473	0	0	12.87
1474	0	0	12.87
1475	0	0	12.87
1476	0	0	12.87
1477	0	0	12.87
1478	0	0	12.87
1479	0	0	12.87
1480	0	0	12.87
1481	0	0	12.87
1482	0	0	12.87
1483	0	0	12.87
1484	0	0	12.87
1485	0	0	12.87
1486	0	0	12.87
1487	0	0	12.87
1488	0	0	12.87
1489	0	0	12.87
1490	0	0	12.87
1491	0	0	12.52
1492	0	0	12.52
1493	0	0	12.52
1494	0	0	12.52
1495	0	0	12.52
1496	0	0	12.52
1497	0	0	12.52
1498	0	0	12.52
1499	0	0	12.52
1500	0	0	12.52
1501	0	0	12.52
1502	0	0	12.52
1503	0	0	12.52
1504	0	0	12.52
1505	0	0	12.52
1506	0	0	12.52
1507	0	0	12.52
1508	0	0	12.52
1509	0	0	12.52
1510	0	0	12.52
1511	0	0	12.52
1512	0	0	12.52
1513	0	0	12.52
1514	0	0	12.52
1515	0	0	12.52
1516	0	0	12.52
1517	0	0	12.52
1518	0	0	12.52
1519	0	0	12.52
1520	0	0	12.52
1521	0	0	12.52
1522	0	0	12.97
1523	0	0	12.97
1524	0	0	12.97
1525	0	0	12.97
1526	0	0	12.97
1527	0	0	12.97
1528	0	0	12.97
1529	0	0	12.97
1530	0	0	12.97
1531	0	0	12.97
1532	0	0	12.97
1533	0	0	12.97
1534	0	0	12.97
1535	0	0	12.97
1536	0	0	12.97
1537	0	0	12.97
1538	0	0	12.97
1539	0	0	12.97
1540	0	0	12.97
1541	0	0	12.97
1542	0	0	12.97
1543	0	0	12.97
1544	0	0	12.97
1545	0	0	12.97
1546	0	0	12.97
1547	0	0	12.97
1548	0	0	12.97
1549	0	0	12.97
1550	0	0	12.97
1551	0	0	12.97
1552	0	0	12.97
1553	0	0	12.81
1554	0	0	12.81
1555	0	0	12.81
1556	0	0	12.81
1557	0	0	12.81
1558	0	0	12.81
1559	0	0	12.81
1560	0	0	12.81
1561	0	0	12.81
1562	0	0	12.81
1563	0	0	12.81
1564	0	0	12.81
1565	0	0	12.81
1566	0	0	12.81
1567	0	0	12.81
1568	0	0	12.81
1569	0	0	12.81
1570	0	0	12.81
1571	0	0	12.81
1572	0	0	12.81
1573	0	0	12.81
1574	0	0	12.81
1575	0	0	12.81
1576	0	0	12.81
1577	0	0	12.81
1578	0	0	12.81
1579	0	0	12.81
1580	0	0	12.81
1581	0	0	12.81
1582	0	0	12.81
1583	0	0	12.93
1584	0	0	12.93
1585	0	0	12.93
1586	0	0	12.93
1587	0	0	12.93
1588	0	0	12.93
1589	0	0	12.93
1590	0	0	12.93
1591	0	0	12.93
1592	0	0	12.93
1593	0	0	12.93
1594	0	0	12.93
1595	0	0	12.93
1596	0	0	12.93
1597	0	0	12.93
1598	0	0	12.93
1599	0	0	12.93
1600	0	0	12.93
1601	0	0	12.93
1602	0	0	12.93
1603	0	0	12.93
1604	0	0	12.93
1605	0	0	12.93
1606	0	0	12.93
1607	0	0	12.93
1608	0	0	12.93
1609	0	0	12.93
1610	0	0	12.93
1611	0	0	12.93
1612	0	0	12.93
1613	0	0	12.93
1614	0	0	12.79
1615	0	0	12.79
1616	0	0	12.79
1617	0	0	12.79
1618	0	0	12.79
1619	0	0	12.79
1620	0	0	12.79
1621	0	0	12.79
1622	0	0	12.79
1623	0	0	12.79
1624	0	0	12.79
1625	0	0	12.79
1626	0	0	12.79
1627	0	0	12.79
1628	0	0	12.79
1629	0	0	12.79
1630	0	0	12.79
1631	0	0	12.79
1632	0	0	12.79
1633	0	0	12.79
1634	0	0	12.79
1635	0	0	12.79
1636	0	0	12.79
1637	0	0	12.79
1638	0	0	12.79
1639	0	0	12.79
1640	0	0	12.79
1641	0	0	12.79
1642	0	0	12.79
1643	0	0	12.79
1644	0	0	13.44
1645	0	0	13.44
1646	0	0	13.44
1647	0	0	13.44
1648	0	0	13.44
1649	0	0	13.44
1650	0	0	13.44
1651	0	0	13.44
1652	0	0	13.44
1653	0	0	13.44
1654	0	0	13.44
1655	0	0	13.44
1656	0	0	13.44
1657	0	0	13.44
1658	0	0	13.44
1659	0	0	13.44
1660	0	0	13.44
1661	0	0	13.44
1662	0	0	13.44
1663	0	0	13.44
1664	0	0	13.44
1665	0	0	13.44
1666	0	0	13.44
1667	0	0	13.44
1668	0	0	13.44
1669	0	0	13.44
1670	0	0	13.44
1671	0	0	13.44
1672	0	0	13.44
1673	0	0	13.44
1674	0	0	13.44
1675	0	0	12.46
1676	0	0	12.46
1677	0	0	12.46
1678	0	0	12.46
1679	0	0	12.46
1680	0	0	12.46
1681	0	0	12.46
1682	0	0	12.46
1683	0	0	12.46
1684	0	0	12.46
1685	0	0	12.46
1686	0	0	12.46
1687	0	0	12.46
1688	0	0	12.46
1689	0	0	12.46
1690	0	0	12.46
1691	0	0	12.46
1692	0	0	12.46
1693	0	0	12.46
1694	0	0	12.46
1695	0	0	12.46
1696	0	0	12.46
1697	0	0	12.46
1698	0	0	12.46
1699	0	0	12.46
1700	0	0	12.46
1701	0	0	12.46
1702	0	0	12.46
1703	0	0	12.46
1704	0	0	12.46
1705	0	0	12.46
1706	0	0	13.55
1707	0	0	13.55
1708	0	0	13.55
1709	0	0	13.55
1710	0	0	13.55
1711	0	0	13.55
1712	0	0	13.55
1713	0	0	13.55
1714	0	0	13.55
1715	0	0	13.55
1716	0	0	13.55
1717	0	0	13.55
1718	0	0	13.55
1719	0	0	13.55
1720	0	0	13.55
1721	0	0	13.55
1722	0	0	13.55
1723	0	0	13.55
1724	0	0	13.55
1725	0	0	13.55
1726	0	0	13.55
1727	0	0	13.55
1728	0	0	13.55
1729	0	0	13.55
1730	0	0	13.55
1731	0	0	13.55
1732	0	0	13.55
1733	0	0	13.55
1734	0	0	13.14
1735	0	0	13.14
1736	0	0	13.14
1737	0	0	13.14
1738	0	0	13.14
1739	0	0	13.14
1740	0	0	13.14
1741	0	0	13.14
1742	0	0	13.14
1743	0	0	13.14
1744	0	0	13.14
1745	0	0	13.14
1746	0	0	13.14
1747	0	0	13.14
1748	0	0	13.14
1749	0	0	13.14
1750	0	0	13.14
1751	0	0	13.14
1752	0	0	13.14
1753	0	0	13.14
1754	0	0	13.14
1755	0	0	13.14
1756	0	0	13.14
1757	0	0	13.14
1758	0	0	13.14
1759	0	0	13.14
1760	0	0	13.14
1761	0	0	13.14
1762	0	0	13.14
1763	0	0	13.14
1764	0	0	13.14
1765	0	0	13.24
1766	0	0	13.24
1767	0	0	13.24
1768	0	0	13.24
1769	0	0	13.24
1770	0	0	13.24
1771	0	0	13.24
1772	0	0	13.24
1773	0	0	13.24
1774	0	0	13.24
1775	0	0	13.24
1776	0	0	13.24
1777	0	0	13.24
1778	0	0	13.24
1779	0	0	13.24
1780	0	0	13.24
1781	0	0	13.24
1782	0	0	13.24
1783	0	0	13.24
1784	0	0	13.24
1785	0	0	13.24
1786	0	0	13.24
1787	0	0	13.24
1788	0	0	13.24
1789	0	0	13.24
1790	0	0	13.24
1791	0	0	13.24
1792	0	0	13.24
1793	0	0	13.24
1794	0	0	13.24
1795	0	0	13.94
1796	0	0	13.94
1797	0	0	13.94
1798	0	0	13.94
1799	0	0	13.94
1800	0	0	13.94
1801	0	0	13.94
1802	0	0	13.94
1803	0	0	13.94
1804	0	0	13.94
1805	0	0	13.94
1806	0	0	13.94
1807	0	0	13.94
1808	0	0	13.94
1809	0	0	13.94
1810	0	0	13.94
1811	0	0	13.94
1812	0	0	13.94
1813	0	0	13.94
1814	0	0	13.94
1815	0	0	13.94
1816	0	0	13.94
1817	0	0	13.94
1818	0	0	13.94
1819	0	0	13.94
1820	0	0	13.94
1821	0	0	13.94
1822	0	0	13.94
1823	0	0	13.94
1824	0	0	13.94
1825	0	0	13.94
1826	0	0	12.87
1827	0	0	12.87
1828	0	0	12.87
1829	0	0	12.87
1830	0	0	12.87
1831	0	0	12.87
1832	0	0	12.87
1833	0	0	12.87
1834	0	0	12.87
1835	0	0	12.87
1836	0	0	12.87
1837	0	0	12.87
1838	0	0	12.87
1839	0	0	12.87
1840	0	0	12.87
1841	0	0	12.87
1842	0	0	12.87
1843	0	0	12.87
1844	0	0	12.87
1845	0	0	12.87
1846	0	0	12.87
1847	0	0	12.87
1848	0	0	12.87
1849	0	0	12.87
1850	0	0	12.87
1851	0	0	12.87
1852	0	0	12.87
1853	0	0	12.87
1854	0	0	12.87
1855	0	0	12.87
1856	0	0	12.52
1857	0	0	12.52
1858	0	0	12.52
1859	0	0	12.52
1860	0	0	12.52
1861	0	0	12.52
1862	0	0	12.52
1863	0	0	12.52
1864	0	0	12.52
1865	0	0	12.52
1866	0	0	12.52
1867	0	0	12.52
1868	0	0	12.52
1869	0	0	12.52
1870	0	0	12.52
1871	0	0	12.52
1872	0	0	12.52
1873	0	0	12.52
1874	0	0	12.52
1875	0	0	12.52
1876	0	0	12.52
1877	0	0	12.52
1878	0	0	12.52
1879	0	0	12.52
1880	0	0	12.52
1881	0	0	12.52
1882	0	0	12.52
1883	0	0	12.52
1884	0	0	12.52
1885	0	0	12.52
1886	0	0	12.52
1887	0	0	12.97
1888	0	0	12.97
1889	0	0	12.97
1890	0	0	12.97
1891	0	0	12.97
1892	0	0	12.97
1893	0	0	12.97
1894	0	0	12.97
1895	0	0	12.97
1896	0	0	12.97
1897	0	0	12.97
1898	0	0	12.97
1899	0	0	12.97
1900	0	0	12.97
1901	0	0	12.97
1902	0	0	12.97
1903	0	0	12.97
1904	0	0	12.97
1905	0	0	12.97
1906	0	0	12.97
1907	0	0	12.97
1908	0	0	12.97
1909	0	0	12.97
1910	0	0	12.97
1911	0	0	12.97
1912	0	0	12.97
1913	0	0	12.97
1914	0	0	12.97
1915	0	0	12.97
1916	0	0	12.97
1917	0	0	12.97
1918	0	0	12.81
1919	0	0	12.81
1920	0	0	12.81
1921	0	0	12.81
1922	0	0	12.81
1923	0	0	12.81
1924	0	0	12.81
1925	0	0	12.81
1926	0	0	12.81
1927	0	0	12.81
1928	0	0	12.81
1929	0	0	12.81
1930	0	0	12.81
1931	0	0	12.81
1932	0	0	12.81
1933	0	0	12.81
1934	0	0	12.81
1935	0	0	12.81
1936	0	0	12.81
1937	0	0	12.81
1938	0	0	12.81
1939	0	0	12.81
1940	0	0	12.81
1941	0	0	12.81
1942	0	0	12.81
1943	0	0	12.81
1944	0	0	12.81
1945	0	0	12.81
1946	0	0	12.81
1947	0	0	12.81
1948	0	0	12.93
1949	0	0	12.93
1950	0	0	12.93
1951	0	0	12.93
1952	0	0	12.93
1953	0	0	12.93
1954	0	0	12.93
1955	0	0	12.93
1956	0	0	12.93
1957	0	0	12.93
1958	0	0	12.93
1959	0	0	12.93
1960	0	0	12.93
1961	0	0	12.93
1962	0	0	12.93
1963	0	0	12.93
1964	0	0	12.93
1965	0	0	12.93
1966	0	0	12.93
1967	0	0	12.93
1968	0	0	12.93
1969	0	0	12.93
1970	0	0	12.93
1971	0	0	12.93
1972	0	0	12.93
1973	0	0	12.93
1974	0	0	12.93
1975	0	0	12.93
1976	0	0	12.93
1977	0	0	12.93
1978	0	0	12.93
1979	0	0	12.79
1980	0	0	12.79
1981	0	0	12.79
1982	0	0	12.79
1983	0	0	12.79
1984	0	0	12.79
1985	0	0	12.79
1986	0	0	12.79
1987	0	0	12.79
1988	0	0	12.79
1989	0	0	12.79
1990	0	0	12.79
1991	0	0	12.79
1992	0	0	12.79
1993	0	0	12.79
1994	0	0	12.79
1995	0	0	12.79
1996	0	0	12.79
1997	0	0	12.79
1998	0	0	12.79
1999	0	0	12.79
2000	0	0	12.79
2001	0	0	12.79
2002	0	0	12.79
2003	0	0	12.79
2004	0	0	12.79
2005	0	0	12.79
2006	0	0	12.79
2007	0	0	12.79
2008	0	0	12.79
2009	0	0	13.44
2010	0	0	13.44
2011	0	0	13.44
2012	0	0	13.44
2013	0	0	13.44
2014	0	0	13.44
2015	0	0	13.44
2016	0	0	13.44
2017	0	0	13.44
2018	0	0	13.44
2019	0	0	13.44
2020	0	0	13.44
2021	0	0	13.44
2022	0	0	13.44
2023	0	0	13.44
2024	0	0	13.44
2025	0	0	13.44
2026	0	0	13.44
2027	0	0	13.44
2028	0	0	13.44
2029	0	0	13.44
2030	0	0	13.44
2031	0	0	13.44
2032	0	0	13.44
2033	0	0	13.44
2034	0	0	13.44
2035	0	0	13.44
2036	0	0	13.44
2037	0	0	13.44
2038	0	0	13.44
2039	0	0	13.44
2040	0	0	12.46
2041	0	0	12.46
2042	0	0	12.46
2043	0	0	12.46
2044	0	0	12.46
2045	0	0	12.46
2046	0	0	12.46
2047	0	0	12.46
2048	0	0	12.46
2049	0	0	12.46
2050	0	0	12.46
2051	0	0	12.46
2052	0	0	12.46
2053	0	0	12.46
2054	0	0	12.46
2055	0	0	12.46
2056	0	0	12.46
2057	0	0	12.46
2058	0	0	12.46
2059	0	0	12.46
2060	0	0	12.46
2061	0	0	12.46
2062	0	0	12.46
2063	0	0	12.46
2064	0	0	12.46
2065	0	0	12.46
2066	0	0	12.46
2067	0	0	12.46
2068	0	0	12.46
2069	0	0	12.46
2070	0	0	12.46
2071	0	0	13.55
2072	0	0	13.55
2073	0	0	13.55
2074	0	0	13.55
2075	0	0	13.55
2076	0	0	13.55
2077	0	0	13.55
2078	0	0	13.55
2079	0	0	13.55
2080	0	0	13.55
2081	0	0	13.55
2082	0	0	13.55
2083	0	0	13.55
2084	0	0	13.55
2085	0	0	13.55
2086	0	0	13.55
2087	0	0	13.55
2088	0	0	13.55
2089	0	0	13.55
2090	0	0	13.55
2091	0	0	13.55
2092	0	0	13.55
2093	0	0	13.55
2094	0	0	13.55
2095	0	0	13.55
2096	0	0	13.55
2097	0	0	13.55
2098	0	0	13.55
2099	0	0	13.14
2100	0	0	13.14
2101	0	0	13.14
2102	0	0	13.14
2103	0	0	13.14
2104	0	0	13.14
2105	0	0	13.14
2106	0	0	13.14
2107	0	0	13.14
2108	0	0	13.14
2109	0	0	13.14
2110	0	0	13.14
2111	0	0	13.14
2112	0	0	13.14
2113	0	0	13.14
2114	0	0	13.14
2115	0	0	13.14
2116	0	0	13.14
2117	0	0	13.14
2118	0	0	13.14
2119	0	0	13.14
2120	0	0	13.14
2121	0	0	13.14
2122	0	0	13.14
2123	0	0	13.14
2124	0	0	13.14
2125	0	0	13.14
2126	0	0	13.14
2127	0	0	13.14
2128	0	0	13.14
2129	0	0	13.14
2130	0	0	13.24
2131	0	0	13.24
2132	0	0	13.24
2133	0	0	13.24
2134	0	0	13.24
2135	0	0	13.24
2136	0	0	13.24
2137	0	0	13.24
2138	0	0	13.24
2139	0	0	13.24
2140	0	0	13.24
2141	0	0	13.24
2142	0	0	13.24
2143	0	0	13.24
2144	0	0	13.24
2145	0	0	13.24
2146	0	0	13.24
2147	0	0	13.24
2148	0	0	13.24
2149	0	0	13.24
2150	0	0	13.24
2151	0	0	13.24
2152	0	0	13.24
2153	0	0	13.24
2154	0	0	13.24
2155	0	0	13.24
2156	0	0	13.24
2157	0	0	13.24
2158	0	0	13.24
2159	0	0	13.24
2160	0	0	13.94
2161	0	0	13.94
2162	0	0	13.94
2163	0	0	13.94
2164	0	0	13.94
2165	0	0	13.94
2166	0	0	13.94
2167	0	0	13.94
2168	0	0	13.94
2169	0	0	13.94
2170	0	0	13.94
2171	0	0	13.94
2172	0	0	13.94
2173	0	0	13.94
2174	0	0	13.94
2175	0	0	13.94
2176	0	0	13.94
2177	0	0	13.94
2178	0	0	13.94
2179	0	0	13.94
2180	0	0	13.94
2181	0	0	13.94
2182	0	0	13.94
2183	0	0	13.94
2184	0	0	13.94
2185	0	0	13.94
2186	0	0	13.94
2187	0	0	13.94
2188	0	0	13.94
2189	0	0	13.94
2190	0	0	13.94
2191	0	0	12.87
2192	0	0	12.87
2193	0	0	12.87
2194	0	0	12.87
2195	0	0	12.87
2196	0	0	12.87
2197	0	0	12.87
2198	0	0	12.87
2199	0	0	12.87
2200	0	0	12.87
2201	0	0	12.87
2202	0	0	12.87
2203	0	0	12.87
2204	0	0	12.87
2205	0	0	12.87
2206	0	0	12.87
2207	0	0	12.87
2208	0	0	12.87
2209	0	0	12.87
2210	0	0	12.87
2211	0	0	12.87
2212	0	0	12.87
2213	0	0	12.87
2214	0	0	12.87
2215	0	0	12.87
2216	0	0	12.87
2217	0	0	12.87
2218	0	0	12.87
2219	0	0	12.87
2220	0	0	12.87
2221	0	0	12.52
2222	0	0	12.52
2223	0	0	12.52
2224	0	0	12.52
2225	0	0	12.52
2226	0	0	12.52
2227	0	0	12.52
2228	0	0	12.52
2229	0	0	12.52
2230	0	0	12.52
2231	0	0	12.52
2232	0	0	12.52
2233	0	0	12.52
2234	0	0	12.52
2235	0	0	12.52
2236	0	0	12.52
2237	0	0	12.52
2238	0	0	12.52
2239	0	0	12.52
2240	0	0	12.52
2241	0	0	12.52
2242	0	0	12.52
2243	0	0	12.52
2244	0	0	12.52
2245	0	0	12.52
2246	0	0	12.52
2247	0	0	12.52
2248	0	0	12.52
2249	0	0	12.52
2250	0	0	12.52
2251	0	0	12.52
2252	0	0	12.97
2253	0	0	12.97
2254	0	0	12.97
2255	0	0	12.97
2256	0	0	12.97
2257	0	0	12.97
2258	0	0	12.97
2259	0	0	12.97
2260	0	0	12.97
2261	0	0	12.97
2262	0	0	12.97
2263	0	0	12.97
2264	0	0	12.97
2265	0	0	12.97
2266	0	0	12.97
2267	0	0	12.97
2268	0	0	12.97
2269	0	0	12.97
2270	0	0	12.97
2271	0	0	12.97
2272	0	0	12.97
2273	0	0	12.97
2274	0	0	12.97
2275	0	0	12.97
2276	0	0	12.97
2277	0	0	12.97
2278	0	0	12.97
2279	0	0	12.97
2280	0	0	12.97
2281	0	0	12.97
2282	0	0	12.97
2283	0	0	12.81
2284	0	0	12.81
2285	0	0	12.81
2286	0	0	12.81
2287	0	0	12.81
2288	0	0	12.81
2289	0	0	12.81
2290	0	0	12.81
2291	0	0	12.81
2292	0	0	12.81
2293	0	0	12.81
2294	0	0	12.81
2295	0	0	12.81
2296	0	0	12.81
2297	0	0	12.81
2298	0	0	12.81
2299	0	0	12.81
2300	0	0	12.81
2301	0	0	12.81
2302	0	0	12.81
2303	0	0	12.81
2304	0	0	12.81
2305	0	0	12.81
2306	0	0	12.81
2307	0	0	12.81
2308	0	0	12.81
2309	0	0	12.81
2310	0	0	12.81
2311	0	0	12.81
2312	0	0	12.81
2313	0	0	12.93
2314	0	0	12.93
2315	0	0	12.93
2316	0	0	12.93
2317	0	0	12.93
2318	0	0	12.93
2319	0	0	12.93
2320	0	0	12.93
2321	0	0	12.93
2322	0	0	12.93
2323	0	0	12.93
2324	0	0	12.93
2325	0	0	12.93
2326	0	0	12.93
2327	0	0	12.93
2328	0	0	12.93
2329	0	0	12.93
2330	0	0	12.93
2331	0	0	12.93
2332	0	0	12.93
2333	0	0	12.93
2334	0	0	12.93
2335	0	0	12.93
2336	0	0	12.93
2337	0	0	12.93
2338	0	0	12.93
2339	0	0	12.93
2340	0	0	12.93
2341	0	0	12.93
2342	0	0	12.93
2343	0	0	12.93
2344	0	0	12.79
2345	0	0	12.79
2346	0	0	12.79
2347	0	0	12.79
2348	0	0	12.79
2349	0	0	12.79
2350	0	0	12.79
2351	0	0	12.79
2352	0	0	12.79
2353	0	0	12.79
2354	0	0	12.79
2355	0	0	12.79
2356	0	0	12.79
2357	0	0	12.79
2358	0	0	12.79
2359	0	0	12.79
2360	0	0	12.79
2361	0	0	12.79
2362	0	0	12.79
2363	0	0	12.79
2364	0	0	12.79
2365	0	0	12.79
2366	0	0	12.79
2367	0	0	12.79
2368	0	0	12.79
2369	0	0	12.79
2370	0	0	12.79
2371	0	0	12.79
2372	0	0	12.79
2373	0	0	12.79
2374	0	0	13.44
2375	0	0	13.44
2376	0	0	13.44
2377	0	0	13.44
2378	0	0	13.44
2379	0	0	13.44
2380	0	0	13.44
2381	0	0	13.44
2382	0	0	13.44
2383	0	0	13.44
2384	0	0	13.44
2385	0	0	13.44
2386	0	0	13.44
2387	0	0	13.44
2388	0	0	13.44
2389	0	0	13.44
2390	0	0	13.44
2391	0	0	13.44
2392	0	0	13.44
2393	0	0	13.44
2394	0	0	13.44
2395	0	0	13.44
2396	0	0	13.44
2397	0	0	13.44
2398	0	0	13.44
2399	0	0	13.44
2400	0	0	13.44
2401	0	0	13.44
2402	0	0	13.44
2403	0	0	13.44
2404	0	0	13.44
2405	0	0	12.46
2406	0	0	12.46
2407	0	0	12.46
2408	0	0	12.46
2409	0	0	12.46
2410	0	0	12.46
2411	0	0	12.46
2412	0	0	12.46
2413	0	0	12.46
2414	0	0	12.46
2415	0	0	12.46
2416	0	0	12.46
2417	0	0	12.46
2418	0	0	12.46
2419	0	0	12.46
2420	0	0	12.46
2421	0	0	12.46
2422	0	0	12.46
2423	0	0	12.46
2424	0	0	12.46
2425	0	0	12.46
2426	0	0	12.46
2427	0	0	12.46
2428	0	0	12.46
2429	0	0	12.46
2430	0	0	12.46
2431	0	0	12.46
2432	0	0	12.46
2433	0	0	12.46
2434	0	0	12.46
2435	0	0	12.46
2436	0	0	13.55
2437	0	0	13.55
2438	0	0	13.55
2439	0	0	13.55
2440	0	0	13.55
2441	0	0	13.55
2442	0	0	13.55
2443	0	0	13.55
2444	0	0	13.55
2445	0	0	13.55
2446	0	0	13.55
2447	0	0	13.55
2448	0	0	13.55
2449	0	0	13.55
2450	0	0	13.55
2451	0	0	13.55
2452	0	0	13.55
2453	0	0	13.55
2454	0	0	13.55
2455	0	0	13.55
2456	0	0	13.55
2457	0	0	13.55
2458	0	0	13.55
2459	0	0	13.55
2460	0	0	13.55
2461	0	0	13.55
2462	0	0	13.55
2463	0	0	13.55
2464	0	0	13.14
2465	0	0	13.14
2466	0	0	13.14
2467	0	0	13.14
2468	0	0	13.14
2469	0	0	13.14
2470	0	0	13.14
2471	0	0	13.14
2472	0	0	13.14
2473	0	0	13.14
2474	0	0	13.14
2475	0	0	13.14
2476	0	0	13.14
2477	0	0	13.14
2478	0	0	13.14
2479	0	0	13.14
2480	0	0	13.14
2481	0	0	13.14
2482	0	0	13.14
2483	0	0	13.14
2484	0	0	13.14
2485	0	0	13.14
2486	0	0	13.14
2487	0	0	13.14
2488	0	0	13.14
2489	0	0	13.14
2490	0	0	13.14
2491	0	0	13.14
2492	0	0	13.14
2493	0	0	13.14
2494	0	0	13.14
2495	0	0	13.24
2496	0	0	13.24
2497	0	0	13.24
2498	0	0	13.24
2499	0	0	13.24
2500	0	0	13.24
2501	0	0	13.24
2502	0	0	13.24
2503	0	0	13.24
2504	0	0	13.24
2505	0	0	13.24
2506	0	0	13.24
2507	0	0	13.24
2508	0	0	13.24
2509	0	0	13.24
2510	0	0	13.24
2511	0	0	13.24
2512	0	0	13.24
2513	0	0	13.24
2514	0	0	13.24
2515	0	0	13.24
2516	0	0	13.24
2517	0	0	13.24
2518	0	0	13.24
2519	0	0	13.24
2520	0	0	13.24
2521	0	0	13.24
2522	0	0	13.24
2523	0	0	13.24
2524	0	0	13.24
2525	0	0	13.94
2526	0	0	13.94
2527	0	0	13.94
2528	0	0	13.94
2529	0	0	13.94
2530	0	0	13.94
2531	0	0	13.94
2532	0	0	13.94
2533	0	0	13.94
2534	0	0	13.94
2535	0	0	13.94
2536	0	0	13.94
2537	0	0	13.94
2538	0	0	13.94
2539	0	0	13.94
2540	0	0	13.94
2541	0	0	13.94
2542	0	0	13.94
2543	0	0	13.94
2544	0	0	13.94
2545	0	0	13.94
2546	0	0	13.94
2547	0	0	13.94
2548	0	0	13.94
2549	0	0	13.94
2550	0	0	13.94
2551	0	0	13.94
2552	0	0	13.94
2553	0	0	13.94
2554	0	0	13.94
2555	0	0	13.94
2556	0	0	12.87
2557	0	0	12.87
2558	0	0	12.87
2559	0	0	12.87
2560	0	0	12.87
2561	0	0	12.87
2562	0	0	12.87
2563	0	0	12.87
2564	0	0	12.87
2565	0	0	12.87
2566	0	0	12.87
2567	0	0	12.87
2568	0	0	12.87
2569	0	0	12.87
2570	0	0	12.87
2571	0	0	12.87
2572	0	0	12.87
2573	0	0	12.87
2574	0	0	12.87
2575	0	0	12.87
2576	0	0	12.87
2577	0	0	12.87
2578	0	0	12.87
2579	0	0	12.87
2580	0	0	12.87
2581	0	0	12.87
2582	0	0	12.87
2583	0	0	12.87
2584	0	0	12.87
2585	0	0	12.87
2586	0	0	12.52
2587	0	0	12.52
2588	0	0	12.52
2589	0	0	12.52
2590	0	0	12.52
2591	0	0	12.52
2592	0	0	12.52
2593	0	0	12.52
2594	0	0	12.52
2595	0	0	12.52
2596	0	0	12.52
2597	0	0	12.52
2598	0	0	12.52
2599	0	0	12.52
2600	0	0	12.52
2601	0	0	12.52
2602	0	0	12.52
2603	0	0	12.52
2604	0	0	12.52
2605	0	0	12.52
2606	0	0	12.52
2607	0	0	12.52
2608	0	0	12.52
2609	0	0	12.52
2610	0	0	12.52
2611	0	0	12.52
2612	0	0	12.52
2613	0	0	12.52
2614	0	0	12.52
2615	0	0	12.52
2616	0	0	12.52
2617	0	0	12.97
2618	0	0	12.97
2619	0	0	12.97
2620	0	0	12.97
2621	0	0	12.97
2622	0	0	12.97
2623	0	0	12.97
2624	0	0	12.97
2625	0	0	12.97
2626	0	0	12.97
2627	0	0	12.97
2628	0	0	12.97
2629	0	0	12.97
2630	0	0	12.97
2631	0	0	12.97
2632	0	0	12.97
2633	0	0	12.97
2634	0	0	12.97
2635	0	0	12.97
2636	0	0	12.97
2637	0	0	12.97
2638	0	0	12.97
2639	0	0	12.97
2640	0	0	12.97
2641	0	0	12.97
2642	0	0	12.97
2643	0	0	12.97
2644	0	0	12.97
2645	0	0	12.97
2646	0	0	12.97
2647	0	0	12.97
2648	0	0	12.81
2649	0	0	12.81
2650	0	0	12.81
2651	0	0	12.81
2652	0	0	12.81
2653	0	0	12.81
2654	0	0	12.81
2655	0	0	12.81
2656	0	0	12.81
2657	0	0	12.81
2658	0	0	12.81
2659	0	0	12.81
2660	0	0	12.81
2661	0	0	12.81
2662	0	0	12.81
2663	0	0	12.81
2664	0	0	12.81
2665	0	0	12.81
2666	0	0	12.81
2667	0	0	12.81
2668	0	0	12.81
2669	0	0	12.81
2670	0	0	12.81
2671	0	0	12.81
2672	0	0	12.81
2673	0	0	12.81
2674	0	0	12.81
2675	0	0	12.81
2676	0	0	12.81
2677	0	0	12.81
2678	0	0	12.93
2679	0	0	12.93
2680	0	0	12.93
2681	0	0	12.93
2682	0	0	12.93
2683	0	0	12.93
2684	0	0	12.93
2685	0	0	12.93
2686	0	0	12.93
2687	0	0	12.93
2688	0	0	12.93
2689	0	0	12.93
2690	0	0	12.93
2691	0	0	12.93
2692	0	0	12.93
2693	0	0	12.93
2694	0	0	12.93
2695	0	0	12.93
2696	0	0	12.93
2697	0	0	12.93
2698	0	0	12.93
2699	0	0	12.93
2700	0	0	12.93
2701	0	0	12.93
2702	0	0	12.93
2703	0	0	12.93
2704	0	0	12.93
2705	0	0	12.93
2706	0	0	12.93
2707	0	0	12.93
2708	0	0	12.93
2709	0	0	12.79
2710	0	0	12.79
2711	0	0	12.79
2712	0	0	12.79
2713	0	0	12.79
2714	0	0	12.79
2715	0	0	12.79
2716	0	0	12.79
2717	0	0	12.79
2718	0	0	12.79
2719	0	0	12.79
2720	0	0	12.79
2721	0	0	12.79
2722	0	0	12.79
2723	0	0	12.79
2724	0	0	12.79
2725	0	0	12.79
2726	0	0	12.79
2727	0	0	12.79
2728	0	0	12.79
2729	0	0	12.79
2730	0	0	12.79
2731	0	0	12.79
2732	0	0	12.79
2733	0	0	12.79
2734	0	0	12.79
2735	0	0	12.79
2736	0	0	12.79
2737	0	0	12.79
2738	0	0	12.79
2739	0	0	13.44
2740	0	0	13.44
2741	0	0	13.44
2742	0	0	13.44
2743	0	0	13.44
2744	0	0	13.44
2745	0	0	13.44
2746	0	0	13.44
2747	0	0	13.44
2748	0	0	13.44
2749	0	0	13.44
2750	0	0	13.44
2751	0	0	13.44
2752	0	0	13.44
2753	0	0	13.44
2754	0	0	13.44
2755	0	0	13.44
2756	0	0	13.44
2757	0	0	13.44
2758	0	0	13.44
2759	0	0	13.44
2760	0	0	13.44
2761	0	0	13.44
2762	0	0	13.44
2763	0	0	13.44
2764	0	0	13.44
2765	0	0	13.44
2766	0	0	13.44
2767	0	0	13.44
2768	0	0	13.44
2769	0	0	13.44
2770	0	0	12.46
2771	0	0	12.46
2772	0	0	12.46
2773	0	0	12.46
2774	0	0	12.46
2775	0	0	12.46
2776	0	0	12.46
2777	0	0	12.46
2778	0	0	12.46
2779	0	0	12.46
2780	0	0	12.46
2781	0	0	12.46
2782	0	0	12.46
2783	0	0	12.46
2784	0	0	12.46
2785	0	0	12.46
2786	0	0	12.46
2787	0	0	12.46
2788	0	0	12.46
2789	0	0	12.46
2790	0	0	12.46
2791	0	0	12.46
2792	0	0	12.46
2793	0	0	12.46
2794	0	0	12.46
2795	0	0	12.46
2796	0	0	12.46
2797	0	0	12.46
2798	0	0	12.46
2799	0	0	12.46
2800	0	0	12.46
2801	0	0	13.55
2802	0	0	13.55
2803	0	0	13.55
2804	0	0	13.55
2805	0	0	13.55
2806	0	0	13.55
2807	0	0	13.55
2808	0	0	13.55
2809	0	0	13.55
2810	0	0	13.55
2811	0	0	13.55
2812	0	0	13.55
2813	0	0	13.55
2814	0	0	13.55
2815	0	0	13.55
2816	0	0	13.55
2817	0	0	13.55
2818	0	0	13.55
2819	0	0	13.55
2820	0	0	13.55
2821	0	0	13.55
2822	0	0	13.55
2823	0	0	13.55
2824	0	0	13.55
2825	0	0	13.55
2826	0	0	13.55
2827	0	0	13.55
2828	0	0	13.55
2829	0	0	13.55
2830	0	0	13.14
2831	0	0	13.14
2832	0	0	13.14
2833	0	0	13.14
2834	0	0	13.14
2835	0	0	13.14
2836	0	0	13.14
2837	0	0	13.14
2838	0	0	13.14
2839	0	0	13.14
2840	0	0	13.14
2841	0	0	13.14
2842	0	0	13.14
2843	0	0	13.14
2844	0	0	13.14
2845	0	0	13.14
2846	0	0	13.14
2847	0	0	13.14
2848	0	0	13.14
2849	0	0	13.14
2850	0	0	13.14
2851	0	0	13.14
2852	0	0	13.14
2853	0	0	13.14
2854	0	0	13.14
2855	0	0	13.14
2856	0	0	13.14
2857	0	0	13.14
2858	0	0	13.14
2859	0	0	13.14
2860	0	0	13.14
2861	0	0	13.24
2862	0	0	13.24
2863	0	0	13.24
2864	0	0	13.24
2865	0	0	13.24
2866	0	0	13.24
2867	0	0	13.24
2868	0	0	13.24
2869	0	0	13.24
2870	0	0	13.24
2871	0	0	13.24
2872	0	0	13.24
2873	0	0	13.24
2874	0	0	13.24
2875	0	0	13.24
2876	0	0	13.24
2877	0	0	13.24
2878	0	0	13.24
2879	0	0	13.24
2880	0	0	13.24
2881	0	0	13.24
2882	0	0	13.24
2883	0	0	13.24
2884	0	0	13.24
2885	0	0	13.24
2886	0	0	13.24
2887	0	0	13.24
2888	0	0	13.24
2889	0	0	13.24
2890	0	0	13.24
2891	0	0	13.94
2892	0	0	13.94
2893	0	0	13.94
2894	0	0	13.94
2895	0	0	13.94
2896	0	0	13.94
2897	0	0	13.94
2898	0	0	13.94
2899	0	0	13.94
2900	0	0	13.94
2901	0	0	13.94
2902	0	0	13.94
2903	0	0	13.94
2904	0	0	13.94
2905	0	0	13.94
2906	0	0	13.94
2907	0	0	13.94
2908	0	0	13.94
2909	0	0	13.94
2910	0	0	13.94
2911	0	0	13.94
2912	0	0	13.94
2913	0	0	13.94
2914	0	0	13.94
2915	0	0	13.94
2916	0	0	13.94
2917	0	0	13.94
2918	0	0	13.94
2919	0	0	13.94
2920	0	0	13.94
2921	0	0	13.94
2922	0	0	12.87
2923	0	0	12.87
2924	0	0	12.87
2925	0	0	12.87
2926	0	0	12.87
2927	0	0	12.87
2928	0	0	12.87
2929	0	0	12.87
2930	0	0	12.87
2931	0	0	12.87
2932	0	0	12.87
2933	0	0	12.87
2934	0	0	12.87
2935	0	0	12.87
2936	0	0	12.87
2937	0	0	12.87
2938	0	0	12.87
2939	0	0	12.87
2940	0	0	12.87
2941	0	0	12.87
2942	0	0	12.87
2943	0	0	12.87
2944	0	0	12.87
2945	0	0	12.87
2946	0	0	12.87
2947	0	0	12.87
2948	0	0	12.87
2949	0	0	12.87
2950	0	0	12.87
2951	0	0	12.87
2952	0	0	12.52
2953	0	0	12.52
2954	0	0	12.52
2955	0	0	12.52
2956	0	0	12.52
2957	0	0	12.52
2958	0	0	12.52
2959	0	0	12.52
2960	0	0	12.52
2961	0	0	12.52
2962	0	0	12.52
2963	0	0	12.52
2964	0	0	12.52
2965	0	0	12.52
2966	0	0	12.52
2967	0	0	12.52
2968	0	0	12.52
2969	0	0	12.52
2970	0	0	12.52
2971	0	0	12.52
2972	0	0	12.52
2973	0	0	12.52
2974	0	0	12.52
2975	0	0	12.52
2976	0	0	12.52
2977	0	0	12.52
2978	0	0	12.52
2979	0	0	12.52
2980	0	0	12.52
2981	0	0	12.52
2982	0	0	12.52
2983	0	0	12.97
2984	0	0	12.97
2985	0	0	12.97
2986	0	0	12.97
2987	0	0	12.97
2988	0	0	12.97
2989	0	0	12.97
2990	0	0	12.97
2991	0	0	12.97
2992	0	0	12.97
2993	0	0	12.97
2994	0	0	12.97
2995	0	0	12.97
2996	0	0	12.97
2997	0	0	12.97
2998	0	0	12.97
2999	0	0	12.97
3000	0	0	12.97
3001	0	0	12.97
3002	0	0	12.97
3003	0	0	12.97
3004	0	0	12.97
3005	0	0	12.97
3006	0	0	12.97
3007	0	0	12.97
3008	0	0	12.97
3009	0	0	12.97
3010	0	0	12.97
3011	0	0	12.97
3012	0	0	12.97
3013	0	0	12.97
3014	0	0	12.81
3015	0	0	12.81
3016	0	0	12.81
3017	0	0	12.81
3018	0	0	12.81
3019	0	0	12.81
3020	0	0	12.81
3021	0	0	12.81
3022	0	0	12.81
3023	0	0	12.81
3024	0	0	12.81
3025	0	0	12.81
3026	0	0	12.81
3027	0	0	12.81
3028	0	0	12.81
3029	0	0	12.81
3030	0	0	12.81
3031	0	0	12.81
3032	0	0	12.81
3033	0	0	12.81
3034	0	0	12.81
3035	0	0	12.81
3036	0	0	12.81
3037	0	0	12.81
3038	0	0	12.81
3039	0	0	12.81
3040	0	0	12.81
3041	0	0	12.81
3042	0	0	12.81
3043	0	0	12.81
3044	0	0	12.93
3045	0	0	12.93
3046	0	0	12.93
3047	0	0	12.93
3048	0	0	12.93
3049	0	0	12.93
3050	0	0	12.93
3051	0	0	12.93
3052	0	0	12.93
3053	0	0	12.93
3054	0	0	12.93
3055	0	0	12.93
3056	0	0	12.93
3057	0	0	12.93
3058	0	0	12.93
3059	0	0	12.93
3060	0	0	12.93
3061	0	0	12.93
3062	0	0	12.93
3063	0	0	12.93
3064	0	0	12.93
3065	0	0	12.93
3066	0	0	12.93
3067	0	0	12.93
3068	0	0	12.93
3069	0	0	12.93
3070	0	0	12.93
3071	0	0	12.93
3072	0	0	12.93
3073	0	0	12.93
3074	0	0	12.93
3075	0	0	12.79
3076	0	0	12.79
3077	0	0	12.79
3078	0	0	12.79
3079	0	0	12.79
3080	0	0	12.79
3081	0	0	12.79
3082	0	0	12.79
3083	0	0	12.79
3084	0	0	12.79
3085	0	0	12.79
3086	0	0	12.79
3087	0	0	12.79
3088	0	0	12.79
3089	0	0	12.79
3090	0	0	12.79
3091	0	0	12.79
3092	0	0	12.79
3093	0	0	12.79
3094	0	0	12.79
3095	0	0	12.79
3096	0	0	12.79
3097	0	0	12.79
3098	0	0	12.79
3099	0	0	12.79
3100	0	0	12.79
3101	0	0	12.79
3102	0	0	12.79
3103	0	0	12.79
3104	0	0	12.79
3105	0	0	13.44
3106	0	0	13.44
3107	0	0	13.44
3108	0	0	13.44
3109	0	0	13.44
3110	0	0	13.44
3111	0	0	13.44
3112	0	0	13.44
3113	0	0	13.44
3114	0	0	13.44
3115	0	0	13.44
3116	0	0	13.44
3117	0	0	13.44
3118	0	0	13.44
3119	0	0	13.44
3120	0	0	13.44
3121	0	0	13.44
3122	0	0	13.44
3123	0	0	13.44
3124	0	0	13.44
3125	0	0	13.44
3126	0	0	13.44
3127	0	0	13.44
3128	0	0	13.44
3129	0	0	13.44
3130	0	0	13.44
3131	0	0	13.44
3132	0	0	13.44
3133	0	0	13.44
3134	0	0	13.44
3135	0	0	13.44
3136	0	0	12.46
3137	0	0	12.46
3138	0	0	12.46
3139	0	0	12.46
3140	0	0	12.46
3141	0	0	12.46
3142	0	0	12.46
3143	0	0	12.46
3144	0	0	12.46
3145	0	0	12.46
3146	0	0	12.46
3147	0	0	12.46
3148	0	0	12.46
3149	0	0	12.46
3150	0	0	12.46
3151	0	0	12.46
3152	0	0	12.46
3153	0	0	12.46
3154	0	0	12.46
3155	0	0	12.46
3156	0	0	12.46
3157	0	0	12.46
3158	0	0	12.46
3159	0	0	12.46
3160	0	0	12.46
3161	0	0	12.46
3162	0	0	12.46
3163	0	0	12.46
3164	0	0	12.46
3165	0	0	12.46
3166	0	0	12.46
3167	0	0	13.55
3168	0	0	13.55
3169	0	0	13.55
3170	0	0	13.55
3171	0	0	13.55
3172	0	0	13.55
3173	0	0	13.55
3174	0	0	13.55
3175	0	0	13.55
3176	0	0	13.55
3177	0	0	13.55
3178	0	0	13.55
3179	0	0	13.55
3180	0	0	13.55
3181	0	0	13.55
3182	0	0	13.55
3183	0	0	13.55
3184	0	0	13.55
3185	0	0	13.55
3186	0	0	13.55
3187	0	0	13.55
3188	0	0	13.55
3189	0	0	13.55
3190	0	0	13.55
3191	0	0	13.55
3192	0	0	13.55
3193	0	0	13.55
3194	0	0	13.55
3195	0	0	13.14
3196	0	0	13.14
3197	0	0	13.14
3198	0	0	13.14
3199	0	0	13.14
3200	0	0	13.14
3201	0	0	13.14
3202	0	0	13.14
3203	0	0	13.14
3204	0	0	13.14
3205	0	0	13.14
3206	0	0	13.14
3207	0	0	13.14
3208	0	0	13.14
3209	0	0	13.14
3210	0	0	13.14
3211	0	0	13.14
3212	0	0	13.14
3213	0	0	13.14
3214	0	0	13.14
3215	0	0	13.14
3216	0	0	13.14
3217	0	0	13.14
3218	0	0	13.14
3219	0	0	13.14
3220	0	0	13.14
3221	0	0	13.14
3222	0	0	13.14
3223	0	0	13.14
3224	0	0	13.14
3225	0	0	13.14
3226	0	0	13.24
3227	0	0	13.24
3228	0	0	13.24
3229	0	0	13.24
3230	0	0	13.24
3231	0	0	13.24
3232	0	0	13.24
3233	0	0	13.24
3234	0	0	13.24
3235	0	0	13.24
3236	0	0	13.24
3237	0	0	13.24
3238	0	0	13.24
3239	0	0	13.24
3240	0	0	13.24
3241	0	0	13.24
3242	0	0	13.24
3243	0	0	13.24
3244	0	0	13.24
3245	0	0	13.24
3246	0	0	13.24
3247	0	0	13.24
3248	0	0	13.24
3249	0	0	13.24
3250	0	0	13.24
3251	0	0	13.24
3252	0	0	13.24
3253	0	0	13.24
3254	0	0	13.24
3255	0	0	13.24
3256	0	0	13.94
3257	0	0	13.94
3258	0	0	13.94
3259	0	0	13.94
3260	0	0	13.94
3261	0	0	13.94
3262	0	0	13.94
3263	0	0	13.94
3264	0	0	13.94
3265	0	0	13.94
3266	0	0	13.94
3267	0	0	13.94
3268	0	0	13.94
3269	0	0	13.94
3270	0	0	13.94
3271	0	0	13.94
3272	0	0	13.94
3273	0	0	13.94
3274	0	0	13.94
3275	0	0	13.94
3276	0	0	13.94
3277	0	0	13.94
3278	0	0	13.94
3279	0	0	13.94
3280	0	0	13.94
3281	0	0	13.94
3282	0	0	13.94
3283	0	0	13.94
3284	0	0	13.94
3285	0	0	13.94
3286	0	0	13.94
3287	0	0	12.87
3288	0	0	12.87
3289	0	0	12.87
3290	0	0	12.87
3291	0	0	12.87
3292	0	0	12.87
3293	0	0	12.87
3294	0	0	12.87
3295	0	0	12.87
3296	0	0	12.87
3297	0	0	12.87
3298	0	0	12.87
3299	0	0	12.87
3300	0	0	12.87
3301	0	0	12.87
3302	0	0	12.87
3303	0	0	12.87
3304	0	0	12.87
3305	0	0	12.87
3306	0	0	12.87
3307	0	0	12.87
3308	0	0	12.87
3309	0	0	12.87
3310	0	0	12.87
3311	0	0	12.87
3312	0	0	12.87
3313	0	0	12.87
3314	0	0	12.87
3315	0	0	12.87
3316	0	0	12.87
3317	0	0	12.52
3318	0	0	12.52
3319	0	0	12.52
3320	0	0	12.52
3321	0	0	12.52
3322	0	0	12.52
3323	0	0	12.52
3324	0	0	12.52
3325	0	0	12.52
3326	0	0	12.52
3327	0	0	12.52
3328	0	0	12.52
3329	0	0	12.52
3330	0	0	12.52
3331	0	0	12.52
3332	0	0	12.52
3333	0	0	12.52
3334	0	0	12.52
3335	0	0	12.52
3336	0	0	12.52
3337	0	0	12.52
3338	0	0	12.52
3339	0	0	12.52
3340	0	0	12.52
3341	0	0	12.52
3342	0	0	12.52
3343	0	0	12.52
3344	0	0	12.52
3345	0	0	12.52
3346	0	0	12.52
3347	0	0	12.52
3348	0	0	12.97
3349	0	0	12.97
3350	0	0	12.97
3351	0	0	12.97
3352	0	0	12.97
3353	0	0	12.97
3354	0	0	12.97
3355	0	0	12.97
3356	0	0	12.97
3357	0	0	12.97
3358	0	0	12.97
3359	0	0	12.97
3360	0	0	12.97
3361	0	0	12.97
3362	0	0	12.97
3363	0	0	12.97
3364	0	0	12.97
3365	0	0	12.97
3366	0	0	12.97
3367	0	0	12.97
3368	0	0	12.97
3369	0	0	12.97
3370	0	0	12.97
3371	0	0	12.97
3372	0	0	12.97
3373	0	0	12.97
3374	0	0	12.97
3375	0	0	12.97
3376	0	0	12.97
3377	0	0	12.97
3378	0	0	12.97
3379	0	0	12.81
3380	0	0	12.81
3381	0	0	12.81
3382	0	0	12.81
3383	0	0	12.81
3384	0	0	12.81
3385	0	0	12.81
3386	0	0	12.81
3387	0	0	12.81
3388	0	0	12.81
3389	0	0	12.81
3390	0	0	12.81
3391	0	0	12.81
3392	0	0	12.81
3393	0	0	12.81
3394	0	0	12.81
3395	0	0	12.81
3396	0	0	12.81
3397	0	0	12.81
3398	0	0	12.81
3399	0	0	12.81
3400	0	0	12.81
3401	0	0	12.81
3402	0	0	12.81
3403	0	0	12.81
3404	0	0	12.81
3405	0	0	12.81
3406	0	0	12.81
3407	0	0	12.81
3408	0	0	12.81
3409	0	0	12.93
3410	0	0	12.93
3411	0	0	12.93
3412	0	0	12.93
3413	0	0	12.93
3414	0	0	12.93
3415	0	0	12.93
3416	0	0	12.93
3417	0	0	12.93
3418	0	0	12.93
3419	0	0	12.93
3420	0	0	12.93
3421	0	0	12.93
3422	0	0	12.93
3423	0	0	12.93
3424	0	0	12.93
3425	0	0	12.93
3426	0	0	12.93
3427	0	0	12.93
3428	0	0	12.93
3429	0	0	12.93
3430	0	0	12.93
3431	0	0	12.93
3432	0	0	12.93
3433	0	0	12.93
3434	0	0	12.93
3435	0	0	12.93
3436	0	0	12.93
3437	0	0	12.93
3438	0	0	12.93
3439	0	0	12.93
3440	0	0	12.79
3441	0	0	12.79
3442	0	0	12.79
3443	0	0	12.79
3444	0	0	12.79
3445	0	0	12.79
3446	0	0	12.79
3447	0	0	12.79
3448	0	0	12.79
3449	0	0	12.79
3450	0	0	12.79
3451	0	0	12.79
3452	0	0	12.79
3453	0	0	12.79
3454	0	0	12.79
3455	0	0	12.79
3456	0	0	12.79
3457	0	0	12.79
3458	0	0	12.79
3459	0	0	12.79
3460	0	0	12.79
3461	0	0	12.79
3462	0	0	12.79
3463	0	0	12.79
3464	0	0	12.79
3465	0	0	12.79
3466	0	0	12.79
3467	0	0	12.79
3468	0	0	12.79
3469	0	0	12.79
3470	0	0	13.44
3471	0	0	13.44
3472	0	0	13.44
3473	0	0	13.44
3474	0	0	13.44
3475	0	0	13.44
3476	0	0	13.44
3477	0	0	13.44
3478	0	0	13.44
3479	0	0	13.44
3480	0	0	13.44
3481	0	0	13.44
3482	0	0	13.44
3483	0	0	13.44
3484	0	0	13.44
3485	0	0	13.44
3486	0	0	13.44
3487	0	0	13.44
3488	0	0	13.44
3489	0	0	13.44
3490	0	0	13.44
3491	0	0	13.44
3492	0	0	13.44
3493	0	0	13.44
3494	0	0	13.44
3495	0	0	13.44
3496	0	0	13.44
3497	0	0	13.44
3498	0	0	13.44
3499	0	0	13.44
3500	0	0	13.44
3501	0	0	12.46
3502	0	0	12.46
3503	0	0	12.46
3504	0	0	12.46
3505	0	0	12.46
3506	0	0	12.46
3507	0	0	12.46
3508	0	0	12.46
3509	0	0	12.46
3510	0	0	12.46
3511	0	0	12.46
3512	0	0	12.46
3513	0	0	12.46
3514	0	0	12.46
3515	0	0	12.46
3516	0	0	12.46
3517	0	0	12.46
3518	0	0	12.46
3519	0	0	12.46
3520	0	0	12.46
3521	0	0	12.46
3522	0	0	12.46
3523	0	0	12.46
3524	0	0	12.46
3525	0	0	12.46
3526	0	0	12.46
3527	0	0	12.46
3528	0	0	12.46
3529	0	0	12.46
3530	0	0	12.46
3531	0	0	12.46
3532	0	0	13.55
3533	0	0	13.55
3534	0	0	13.55
3535	0	0	13.55
3536	0	0	13.55
3537	0	0	13.55
3538	0	0	13.55
3539	0	0	13.55
3540	0	0	13.55
3541	0	0	13.55
3542	0	0	13.55
3543	0	0	13.55
3544	0	0	13.55
3545	0	0	13.55
3546	0	0	13.55
3547	0	0	13.55
3548	0	0	13.55
3549	0	0	13.55
3550	0	0	13.55
3551	0	0	13.55
3552	0	0	13.55
3553	0	0	13.55
3554	0	0	13.55
3555	0	0	13.55
3556	0	0	13.55
3557	0	0	13.55
3558	0	0	13.55
3559	0	0	13.55
3560	0	0	13.14
3561	0	0	13.14
3562	0	0	13.14
3563	0	0	13.14
3564	0	0	13.14
3565	0	0	13.14
3566	0	0	13.14
3567	0	0	13.14
3568	0	0	13.14
3569	0	0	13.14
3570	0	0	13.14
3571	0	0	13.14
3572	0	0	13.14
3573	0	0	13.14
3574	0	0	13.14
3575	0	0	13.14
3576	0	0	13.14
3577	0	0	13.14
3578	0	0	13.14
3579	0	0	13.14
3580	0	0	13.14
3581	0	0	13.14
3582	0	0	13.14
3583	0	0	13.14
3584	0	0	13.14
3585	0	0	13.14
3586	0	0	13.14
3587	0	0	13.14
3588	0	0	13.14
3589	0	0	13.14
3590	0	0	13.14
3591	0	0	13.24
3592	0	0	13.24
3593	0	0	13.24
3594	0	0	13.24
3595	0	0	13.24
3596	0	0	13.24
3597	0	0	13.24
3598	0	0	13.24
3599	0	0	13.24
3600	0	0	13.24
3601	0	0	13.24
3602	0	0	13.24
3603	0	0	13.24
3604	0	0	13.24
3605	0	0	13.24
3606	0	0	13.24
3607	0	0	13.24
3608	0	0	13.24
3609	0	0	13.24
3610	0	0	13.24
3611	0	0	13.24
3612	0	0	13.24
3613	0	0	13.24
3614	0	0	13.24
3615	0	0	13.24
3616	0	0	13.24
3617	0	0	13.24
3618	0	0	13.24
3619	0	0	13.24
3620	0	0	13.24
3621	0	0	13.94