TIME_UNITS day
DATA_UNITS m
0	0	0	12.82
1	0	0	12.37
2	0	0	12.28
3	0	0	12.42
4	0	0	12.04
5	0	0	11.86
6	0	0	12.09
7	0	0	12.34
8	0	0	12.30
9	0	0	12.26
10	0	0	12.16
11	0	0	12.16
12	0	0	11.79
13	0	0	11.58
14	0	0	11.55
15	0	0	11.79
16	0	0	11.66
17	0	0	11.53
18	0	0	11.63
19	0	0	11.46
20	0	0	11.62
21	0	0	11.75
22	0	0	11.61
23	0	0	11.79
24	0	0	11.88
25	0	0	11.85
26	0	0	11.66
27	0	0	11.60
28	0	0	11.71
29	0	0	11.54
30	0	0	11.79
31	0	0	11.68
32	0	0	11.64
33	0	0	11.66
34	0	0	11.44
35	0	0	11.42
36	0	0	11.38
37	0	0	11.30
38	0	0	11.26
39	0	0	11.24
40	0	0	11.22
41	0	0	11.22
42	0	0	11.22
43	0	0	11.18
44	0	0	11.24
45	0	0	11.22
46	0	0	11.21
47	0	0	11.87
48	0	0	11.65
49	0	0	11.39
50	0	0	11.29
51	0	0	11.27
52	0	0	11.18
53	0	0	11.19
54	0	0	11.51
55	0	0	11.34
56	0	0	11.24
57	0	0	11.19
58	0	0	11.15
59	0	0	11.12
60	0	0	11.09
61	0	0	11.07
62	0	0	11.12
63	0	0	11.55
64	0	0	11.82
65	0	0	11.81
66	0	0	11.80
67	0	0	11.72
68	0	0	11.60
69	0	0	11.40
70	0	0	11.49
71	0	0	11.61
72	0	0	11.55
73	0	0	11.40
74	0	0	11.61
75	0	0	11.47
76	0	0	11.39
77	0	0	11.54
78	0	0	11.52
79	0	0	11.56
80	0	0	14.82
81	0	0	13.71
82	0	0	13.13
83	0	0	12.60
84	0	0	12.26
85	0	0	11.95
86	0	0	11.73
87	0	0	11.56
88	0	0	11.44
89	0	0	11.40
90	0	0	11.40
91	0	0	11.51
92	0	0	11.59
93	0	0	11.38
94	0	0	11.27
95	0	0	11.22
96	0	0	11.34
97	0	0	11.52
98	0	0	11.40
99	0	0	11.52
100	0	0	11.66
101	0	0	11.58
102	0	0	11.54
103	0	0	11.44
104	0	0	11.36
105	0	0	11.48
106	0	0	11.44
107	0	0	11.51
108	0	0	11.36
109	0	0	11.25
110	0	0	11.19
111	0	0	11.12
112	0	0	11.10
113	0	0	11.08
114	0	0	11.07
115	0	0	11.06
116	0	0	11.05
117	0	0	11.04
118	0	0	11.04
119	0	0	11.12
120	0	0	11.32
121	0	0	11.39
122	0	0	11.28
123	0	0	11.42
124	0	0	11.25
125	0	0	11.22
126	0	0	11.19
127	0	0	11.30
128	0	0	11.30
129	0	0	11.26
130	0	0	11.49
131	0	0	11.48
132	0	0	11.39
133	0	0	11.29
134	0	0	11.21
135	0	0	11.40
136	0	0	11.35
137	0	0	11.40
138	0	0	11.48
139	0	0	11.53
140	0	0	11.46
141	0	0	11.38
142	0	0	11.31
143	0	0	11.28
144	0	0	11.22
145	0	0	11.22
146	0	0	11.23
147	0	0	11.24
148	0	0	11.21
149	0	0	11.17
150	0	0	11.17
151	0	0	11.17
152	0	0	11.17
153	0	0	11.18
154	0	0	11.19
155	0	0	11.32
156	0	0	11.29
157	0	0	11.25
158	0	0	11.25
159	0	0	11.22
160	0	0	11.34
161	0	0	11.27
162	0	0	11.29
163	0	0	11.27
164	0	0	11.29
165	0	0	11.29
166	0	0	11.47
167	0	0	11.40
168	0	0	11.32
169	0	0	11.25
170	0	0	11.18
171	0	0	11.10
172	0	0	11.20
173	0	0	11.14
174	0	0	11.08
175	0	0	11.07
176	0	0	11.10
177	0	0	11.11
178	0	0	11.11
179	0	0	11.18
180	0	0	11.13
181	0	0	11.16
182	0	0	11.20
183	0	0	11.16
184	0	0	11.12
185	0	0	11.08
186	0	0	11.22
187	0	0	11.31
188	0	0	11.39
189	0	0	11.24
190	0	0	11.21
191	0	0	11.41
192	0	0	11.41
193	0	0	11.41
194	0	0	11.54
195	0	0	11.47
196	0	0	11.60
197	0	0	11.41
198	0	0	11.33
199	0	0	11.26
200	0	0	11.37
201	0	0	11.42
202	0	0	11.29
203	0	0	11.19
204	0	0	11.10
205	0	0	11.12
206	0	0	11.11
207	0	0	11.10
208	0	0	11.08
209	0	0	11.07
210	0	0	11.09
211	0	0	11.08
212	0	0	11.07
213	0	0	11.07
214	0	0	11.07
215	0	0	11.06
216	0	0	11.06
217	0	0	11.05
218	0	0	11.05
219	0	0	11.07
220	0	0	11.10
221	0	0	11.10
222	0	0	11.10
223	0	0	11.15
224	0	0	11.13
225	0	0	11.09
226	0	0	11.14
227	0	0	11.12
228	0	0	11.14
229	0	0	11.15
230	0	0	11.17
231	0	0	11.18
232	0	0	11.14
233	0	0	11.09
234	0	0	11.09
235	0	0	11.08
236	0	0	11.08
237	0	0	11.07
238	0	0	11.09
239	0	0	11.16
240	0	0	11.15
241	0	0	11.14
242	0	0	11.13
243	0	0	11.15
244	0	0	11.17
245	0	0	11.13
246	0	0	11.14
247	0	0	11.11
248	0	0	11.13
249	0	0	11.10
250	0	0	11.07
251	0	0	11.04
252	0	0	11.03
253	0	0	11.04
254	0	0	11.06
255	0	0	11.08
256	0	0	11.13
257	0	0	11.27
258	0	0	11.29
259	0	0	11.26
260	0	0	11.15
261	0	0	11.11
262	0	0	11.10
263	0	0	11.06
264	0	0	11.03
265	0	0	11.02
266	0	0	11.07
267	0	0	11.05
268	0	0	11.03
269	0	0	11.02
270	0	0	11.02
271	0	0	11.01
272	0	0	10.99
273	0	0	10.99
274	0	0	10.98
275	0	0	10.98
276	0	0	10.99
277	0	0	11.02
278	0	0	11.16
279	0	0	11.16
280	0	0	11.13
281	0	0	11.10
282	0	0	11.10
283	0	0	11.10
284	0	0	11.15
285	0	0	11.32
286	0	0	12.84
287	0	0	12.82
288	0	0	12.81
289	0	0	12.31
290	0	0	11.87
291	0	0	11.64
292	0	0	11.50
293	0	0	11.42
294	0	0	11.36
295	0	0	11.30
296	0	0	11.28
297	0	0	11.27
298	0	0	11.28
299	0	0	11.30
300	0	0	11.30
301	0	0	11.42
302	0	0	11.39
303	0	0	11.35
304	0	0	11.28
305	0	0	11.22
306	0	0	11.24
307	0	0	11.22
308	0	0	11.23
309	0	0	11.21
310	0	0	11.21
311	0	0	11.18
312	0	0	11.17
313	0	0	11.15
314	0	0	11.13
315	0	0	11.14
316	0	0	11.16
317	0	0	11.17
318	0	0	11.23
319	0	0	11.28
320	0	0	11.38
321	0	0	11.81
322	0	0	12.94
323	0	0	12.85
324	0	0	12.78
325	0	0	12.25
326	0	0	11.74
327	0	0	11.49
328	0	0	11.71
329	0	0	11.48
330	0	0	11.23
331	0	0	11.64
332	0	0	12.37
333	0	0	13.70
334	0	0	14.26
335	0	0	13.29
336	0	0	12.59
337	0	0	12.21
338	0	0	12.13
339	0	0	12.15
340	0	0	12.06
341	0	0	12.00
342	0	0	11.84
343	0	0	11.60
344	0	0	11.46
345	0	0	11.45
346	0	0	11.39
347	0	0	11.32
348	0	0	11.26
349	0	0	11.22
350	0	0	11.21
351	0	0	11.45
352	0	0	12.01
353	0	0	11.77
354	0	0	11.50
355	0	0	11.34
356	0	0	11.25
357	0	0	11.21
358	0	0	11.19
359	0	0	11.39
360	0	0	11.57
361	0	0	11.47
362	0	0	11.36
363	0	0	11.43
364	0	0	11.32
365	0	0	11.18
366	0	0	11.10
367	0	0	11.07
368	0	0	11.06
369	0	0	11.02
370	0	0	11.00
371	0	0	10.99
372	0	0	11.02
373	0	0	11.00
374	0	0	10.96
375	0	0	10.96
376	0	0	10.96
377	0	0	10.96
378	0	0	10.95
379	0	0	10.96
380	0	0	11.02
381	0	0	10.99
382	0	0	10.95
383	0	0	10.92
384	0	0	10.95
385	0	0	10.92
386	0	0	10.89
387	0	0	10.91
388	0	0	11.21
389	0	0	11.25
390	0	0	11.27
391	0	0	11.33
392	0	0	11.51
393	0	0	11.49
394	0	0	11.55
395	0	0	11.64
396	0	0	11.67
397	0	0	11.74
398	0	0	11.67
399	0	0	11.65
400	0	0	11.65
401	0	0	11.63
402	0	0	11.70
403	0	0	11.74
404	0	0	11.68
405	0	0	11.67
406	0	0	11.68
407	0	0	11.61
408	0	0	11.64
409	0	0	11.60
410	0	0	11.62
411	0	0	11.65
412	0	0	11.62
413	0	0	11.61
414	0	0	11.52
415	0	0	11.45
416	0	0	11.43
417	0	0	11.47
418	0	0	11.45
419	0	0	11.45
420	0	0	11.44
421	0	0	11.42
422	0	0	11.44
423	0	0	11.52
424	0	0	11.57
425	0	0	11.64
426	0	0	11.63
427	0	0	11.69
428	0	0	11.67
429	0	0	11.57
430	0	0	11.47
431	0	0	11.39
432	0	0	11.31
433	0	0	11.35
434	0	0	11.43
435	0	0	11.41
436	0	0	11.35
437	0	0	11.28
438	0	0	11.25
439	0	0	11.20
440	0	0	11.15
441	0	0	11.19
442	0	0	11.24
443	0	0	11.22
444	0	0	11.27
445	0	0	11.22
446	0	0	11.16
447	0	0	11.14
448	0	0	11.17
449	0	0	11.24
450	0	0	11.20
451	0	0	11.13
452	0	0	11.11
453	0	0	11.08
454	0	0	11.10
455	0	0	11.15
456	0	0	11.20
457	0	0	11.20
458	0	0	11.16
459	0	0	11.13
460	0	0	11.11
461	0	0	11.14
462	0	0	11.19
463	0	0	11.32
464	0	0	11.25
465	0	0	11.21
466	0	0	11.18
467	0	0	11.25
468	0	0	11.50
469	0	0	13.01
470	0	0	16.22
471	0	0	15.22
472	0	0	13.49
473	0	0	12.70
474	0	0	12.22
475	0	0	11.96
476	0	0	11.76
477	0	0	11.62
478	0	0	11.58
479	0	0	12.12
480	0	0	12.31
481	0	0	12.33
482	0	0	11.96
483	0	0	11.72
484	0	0	11.63
485	0	0	11.62
486	0	0	11.60
487	0	0	11.57
488	0	0	11.50
489	0	0	11.47
490	0	0	11.51
491	0	0	13.03
492	0	0	14.02
493	0	0	13.32
494	0	0	12.64
495	0	0	12.50
496	0	0	13.44
497	0	0	14.64
498	0	0	14.12
499	0	0	13.88
500	0	0	14.24
501	0	0	15.96
502	0	0	15.37
503	0	0	14.33
504	0	0	13.75
505	0	0	13.54
506	0	0	13.42
507	0	0	13.19
508	0	0	13.38
509	0	0	16.64
510	0	0	17.44
511	0	0	16.06
512	0	0	16.09
513	0	0	18.68
514	0	0	20.15
515	0	0	19.73
516	0	0	17.67
517	0	0	16.36
518	0	0	15.73
519	0	0	15.35
520	0	0	15.17
521	0	0	15.29
522	0	0	15.20
523	0	0	14.79
524	0	0	14.56
525	0	0	14.38
526	0	0	14.40
527	0	0	14.35
528	0	0	14.39
529	0	0	14.26
530	0	0	13.99
531	0	0	13.76
532	0	0	13.38
533	0	0	13.45
534	0	0	13.33
535	0	0	13.26
536	0	0	13.20
537	0	0	13.22
538	0	0	13.39
539	0	0	13.93
540	0	0	14.24
541	0	0	13.86
542	0	0	13.49
543	0	0	13.40
544	0	0	13.19
545	0	0	13.07
546	0	0	13.17
547	0	0	13.31
548	0	0	13.45
549	0	0	13.89
550	0	0	14.39
551	0	0	14.24
552	0	0	13.88
553	0	0	13.67
554	0	0	13.54
555	0	0	13.35
556	0	0	13.39
557	0	0	13.41
558	0	0	13.33
559	0	0	13.58
560	0	0	13.37
561	0	0	13.25
562	0	0	13.26
563	0	0	13.02
564	0	0	12.78
565	0	0	12.77
566	0	0	12.83
567	0	0	12.69
568	0	0	12.87
569	0	0	12.91
570	0	0	12.62
571	0	0	12.38
572	0	0	12.36
573	0	0	12.40
574	0	0	12.25
575	0	0	12.27
576	0	0	12.18
577	0	0	12.14
578	0	0	12.11
579	0	0	12.13
580	0	0	12.13
581	0	0	12.17
582	0	0	12.23
583	0	0	12.28
584	0	0	12.30
585	0	0	12.36
586	0	0	12.33
587	0	0	12.29
588	0	0	12.24
589	0	0	12.10
590	0	0	12.22
591	0	0	12.11
592	0	0	12.13
593	0	0	12.15
594	0	0	12.25
595	0	0	12.30
596	0	0	12.80
597	0	0	12.62
598	0	0	12.39
599	0	0	12.33
600	0	0	12.67
601	0	0	12.74
602	0	0	12.50
603	0	0	12.40
604	0	0	12.40
605	0	0	12.62
606	0	0	12.32
607	0	0	13.10
608	0	0	17.27
609	0	0	18.52
610	0	0	17.15
611	0	0	16.08
612	0	0	16.07
613	0	0	16.44
614	0	0	17.56
615	0	0	18.81
616	0	0	18.31
617	0	0	16.79
618	0	0	16.61
619	0	0	16.79
620	0	0	16.49
621	0	0	16.89
622	0	0	17.66
623	0	0	17.32
624	0	0	16.64
625	0	0	16.27
626	0	0	16.13
627	0	0	16.06
628	0	0	15.93
629	0	0	15.84
630	0	0	15.69
631	0	0	15.62
632	0	0	15.59
633	0	0	15.48
634	0	0	15.43
635	0	0	15.36
636	0	0	15.27
637	0	0	15.08
638	0	0	15.14
639	0	0	15.14
640	0	0	15.28
641	0	0	15.26
642	0	0	14.88
643	0	0	14.78
644	0	0	14.55
645	0	0	14.52
646	0	0	15.20
647	0	0	17.18
648	0	0	16.69
649	0	0	15.86
650	0	0	15.51
651	0	0	15.06
652	0	0	14.92
653	0	0	14.94
654	0	0	14.64
655	0	0	14.30
656	0	0	13.99
657	0	0	13.88
658	0	0	14.33
659	0	0	14.90
660	0	0	14.37
661	0	0	14.38
662	0	0	14.39
663	0	0	15.29
664	0	0	15.20
665	0	0	14.53
666	0	0	14.40
667	0	0	14.30
668	0	0	14.13
669	0	0	13.88
670	0	0	13.61
671	0	0	13.54
672	0	0	13.38
673	0	0	13.32
674	0	0	13.29
675	0	0	13.31
676	0	0	13.31
677	0	0	13.32
678	0	0	13.26
679	0	0	13.08
680	0	0	12.85
681	0	0	12.73
682	0	0	12.77
683	0	0	12.78
684	0	0	12.67
685	0	0	12.85
686	0	0	13.00
687	0	0	13.51
688	0	0	13.69
689	0	0	14.07
690	0	0	15.63
691	0	0	15.92
692	0	0	15.84
693	0	0	15.90
694	0	0	16.11
695	0	0	15.86
696	0	0	15.07
697	0	0	14.49
698	0	0	14.28
699	0	0	13.71
700	0	0	13.45
701	0	0	13.06
702	0	0	12.95
703	0	0	13.14
704	0	0	13.64
705	0	0	13.27
706	0	0	12.89
707	0	0	12.81
708	0	0	12.78
709	0	0	12.75
710	0	0	12.70
711	0	0	12.68
712	0	0	12.69
713	0	0	12.77
714	0	0	13.07
715	0	0	14.52
716	0	0	14.31
717	0	0	14.27
718	0	0	14.33
719	0	0	13.43
720	0	0	12.86
721	0	0	12.94
722	0	0	13.11
723	0	0	12.75
724	0	0	12.58
725	0	0	12.51
726	0	0	12.47
727	0	0	12.65
728	0	0	12.71
729	0	0	12.59
730	0	0	12.55
731	0	0	12.54
732	0	0	12.66
733	0	0	12.80
734	0	0	12.52
735	0	0	12.47
736	0	0	12.42
737	0	0	12.38
738	0	0	13.08
739	0	0	14.67
740	0	0	14.39
741	0	0	14.07
742	0	0	13.58
743	0	0	12.86
744	0	0	12.84
745	0	0	12.67
746	0	0	12.53
747	0	0	12.42
748	0	0	12.30
749	0	0	12.26
750	0	0	12.23
751	0	0	12.22
752	0	0	12.19
753	0	0	12.17
754	0	0	12.11
755	0	0	11.93
756	0	0	11.85
757	0	0	11.83
758	0	0	11.80
759	0	0	11.83
760	0	0	12.01
761	0	0	12.02
762	0	0	12.12
763	0	0	12.19
764	0	0	12.24
765	0	0	12.12
766	0	0	12.00
767	0	0	11.99
768	0	0	11.91
769	0	0	11.85
770	0	0	11.96
771	0	0	12.14
772	0	0	12.35
773	0	0	12.34
774	0	0	12.31
775	0	0	12.28
776	0	0	12.20
777	0	0	12.04
778	0	0	12.02
779	0	0	11.91
780	0	0	11.87
781	0	0	11.88
782	0	0	11.93
783	0	0	11.76
784	0	0	11.80
785	0	0	11.85
786	0	0	11.79
787	0	0	12.41
788	0	0	12.26
789	0	0	12.06
790	0	0	11.99
791	0	0	11.79
792	0	0	11.72
793	0	0	11.71
794	0	0	11.71
795	0	0	11.66
796	0	0	11.61
797	0	0	11.59
798	0	0	11.55
799	0	0	11.49
800	0	0	11.50
801	0	0	11.51
802	0	0	11.47
803	0	0	11.43
804	0	0	11.49
805	0	0	11.48
806	0	0	11.55
807	0	0	11.53
808	0	0	11.51
809	0	0	11.46
810	0	0	11.49
811	0	0	11.55
812	0	0	11.52
813	0	0	11.50
814	0	0	11.52
815	0	0	11.52
816	0	0	11.47
817	0	0	11.52
818	0	0	11.39
819	0	0	11.30
820	0	0	11.27
821	0	0	11.31
822	0	0	11.33
823	0	0	11.37
824	0	0	11.40
825	0	0	11.48
826	0	0	11.62
827	0	0	11.49
828	0	0	11.44
829	0	0	11.52
830	0	0	13.26
831	0	0	17.12
832	0	0	17.65
833	0	0	16.63
834	0	0	16.42
835	0	0	15.93
836	0	0	15.52
837	0	0	15.32
838	0	0	14.91
839	0	0	14.77
840	0	0	14.60
841	0	0	14.43
842	0	0	14.38
843	0	0	14.17
844	0	0	13.91
845	0	0	13.60
846	0	0	13.30
847	0	0	13.11
848	0	0	12.89
849	0	0	12.72
850	0	0	12.64
851	0	0	12.68
852	0	0	12.70
853	0	0	12.55
854	0	0	12.33
855	0	0	12.25
856	0	0	12.17
857	0	0	12.11
858	0	0	12.11
859	0	0	12.05
860	0	0	12.08
861	0	0	12.08
862	0	0	12.06
863	0	0	12.04
864	0	0	12.03
865	0	0	12.03
866	0	0	12.03
867	0	0	12.03
868	0	0	12.01
869	0	0	11.96
870	0	0	11.95
871	0	0	11.94
872	0	0	11.96
873	0	0	11.98
874	0	0	12.00
875	0	0	11.97
876	0	0	12.04
877	0	0	11.97
878	0	0	11.90
879	0	0	12.06
880	0	0	12.16
881	0	0	12.17
882	0	0	12.18
883	0	0	12.19
884	0	0	12.15
885	0	0	12.16
886	0	0	12.21
887	0	0	12.23
888	0	0	12.23
889	0	0	11.99
890	0	0	11.73
891	0	0	12.07
892	0	0	12.20
893	0	0	12.21
894	0	0	12.13
895	0	0	11.95
896	0	0	11.89
897	0	0	12.00
898	0	0	12.00
899	0	0	11.90
900	0	0	11.95
901	0	0	11.96
902	0	0	11.96
903	0	0	11.98
904	0	0	11.99
905	0	0	11.99
906	0	0	11.90
907	0	0	11.99
908	0	0	11.96
909	0	0	11.89
910	0	0	11.87
911	0	0	11.82
912	0	0	11.62
913	0	0	11.54
914	0	0	11.62
915	0	0	11.88
916	0	0	11.74
917	0	0	11.55
918	0	0	11.50
919	0	0	11.49
920	0	0	11.40
921	0	0	11.34
922	0	0	11.32
923	0	0	11.31
924	0	0	11.28
925	0	0	11.28
926	0	0	11.29
927	0	0	11.29
928	0	0	11.27
929	0	0	11.24
930	0	0	11.23
931	0	0	11.22
932	0	0	11.25
933	0	0	11.27
934	0	0	11.26
935	0	0	11.23
936	0	0	11.22
937	0	0	11.23
938	0	0	11.23
939	0	0	11.27
940	0	0	11.41
941	0	0	11.34
942	0	0	11.33
943	0	0	11.32
944	0	0	11.25
945	0	0	11.24
946	0	0	11.23
947	0	0	11.37
948	0	0	11.39
949	0	0	11.28
950	0	0	11.24
951	0	0	11.20
952	0	0	11.24
953	0	0	11.32
954	0	0	11.67
955	0	0	12.05
956	0	0	11.76
957	0	0	11.55
958	0	0	11.43
959	0	0	11.43
960	0	0	12.06
961	0	0	13.01
962	0	0	13.18
963	0	0	12.41
964	0	0	11.88
965	0	0	11.72
966	0	0	11.63
967	0	0	11.57
968	0	0	11.60
969	0	0	11.57
970	0	0	11.45
971	0	0	11.38
972	0	0	11.34
973	0	0	11.35
974	0	0	11.34
975	0	0	11.32
976	0	0	11.26
977	0	0	11.27
978	0	0	11.36
979	0	0	11.72
980	0	0	12.08
981	0	0	11.81
982	0	0	11.55
983	0	0	11.40
984	0	0	11.32
985	0	0	11.28
986	0	0	11.28
987	0	0	11.35
988	0	0	11.45
989	0	0	11.34
990	0	0	11.30
991	0	0	11.30
992	0	0	11.27
993	0	0	11.31
994	0	0	11.38
995	0	0	11.37
996	0	0	11.29
997	0	0	11.35
998	0	0	11.35
999	0	0	11.25
1000	0	0	11.23
1001	0	0	11.30
1002	0	0	11.32
1003	0	0	11.30
1004	0	0	11.28
1005	0	0	11.30
1006	0	0	11.31
1007	0	0	11.45
1008	0	0	11.52
1009	0	0	11.50
1010	0	0	11.43
1011	0	0	11.32
1012	0	0	11.27
1013	0	0	11.24
1014	0	0	11.22
1015	0	0	11.25
1016	0	0	11.25
1017	0	0	11.23
1018	0	0	11.21
1019	0	0	11.20
1020	0	0	11.21
1021	0	0	11.18
1022	0	0	11.17
1023	0	0	11.16
1024	0	0	11.15
1025	0	0	11.15
1026	0	0	11.14
1027	0	0	11.13
1028	0	0	11.13
1029	0	0	11.13
1030	0	0	11.12
1031	0	0	11.12
1032	0	0	11.13
1033	0	0	11.14
1034	0	0	11.16
1035	0	0	11.21
1036	0	0	11.22
1037	0	0	11.21
1038	0	0	11.17
1039	0	0	11.14
1040	0	0	11.12
1041	0	0	11.13
1042	0	0	11.10
1043	0	0	11.08
1044	0	0	11.07
1045	0	0	11.07
1046	0	0	11.05
1047	0	0	11.11
1048	0	0	11.25
1049	0	0	11.17
1050	0	0	11.07
1051	0	0	11.10
1052	0	0	11.21
1053	0	0	11.30
1054	0	0	11.32
1055	0	0	11.33
1056	0	0	11.34
1057	0	0	11.32
1058	0	0	11.32
1059	0	0	11.34
1060	0	0	11.32
1061	0	0	11.36
1062	0	0	11.36
1063	0	0	11.39
1064	0	0	11.33
1065	0	0	11.32
1066	0	0	11.31
1067	0	0	11.38
1068	0	0	11.35
1069	0	0	11.34
1070	0	0	11.32
1071	0	0	11.28
1072	0	0	11.26
1073	0	0	11.28
1074	0	0	11.29
1075	0	0	11.33
1076	0	0	11.35
1077	0	0	12.03
1078	0	0	11.86
1079	0	0	11.57
1080	0	0	11.42
1081	0	0	11.35
1082	0	0	11.31
1083	0	0	11.28
1084	0	0	11.47
1085	0	0	11.61
1086	0	0	11.46
1087	0	0	11.50
1088	0	0	11.46
1089	0	0	11.41
1090	0	0	11.38
1091	0	0	11.36
1092	0	0	11.34
1093	0	0	11.31
1094	0	0	11.31
1095	0	0	11.31
1096	0	0	11.30
1097	0	0	11.32
1098	0	0	11.32
1099	0	0	11.31
1100	0	0	11.32
1101	0	0	11.32
1102	0	0	11.31
1103	0	0	11.32
1104	0	0	11.29
1105	0	0	11.28
1106	0	0	11.27
1107	0	0	11.28
1108	0	0	11.28
1109	0	0	11.25
1110	0	0	11.24
1111	0	0	11.23
1112	0	0	11.21
1113	0	0	11.24
1114	0	0	11.26
1115	0	0	11.28
1116	0	0	11.42
1117	0	0	11.49
1118	0	0	11.49
1119	0	0	11.53
1120	0	0	11.45
1121	0	0	11.33
1122	0	0	11.25
1123	0	0	11.21
1124	0	0	11.18
1125	0	0	11.20
1126	0	0	11.28
1127	0	0	11.25
1128	0	0	11.25
1129	0	0	11.25
1130	0	0	11.29
1131	0	0	11.30
1132	0	0	11.29
1133	0	0	11.33
1134	0	0	11.39
1135	0	0	11.42
1136	0	0	11.41
1137	0	0	11.36
1138	0	0	11.31
1139	0	0	11.26
1140	0	0	11.22
1141	0	0	11.24
1142	0	0	11.35
1143	0	0	11.37
1144	0	0	11.30
1145	0	0	11.26
1146	0	0	11.21
1147	0	0	11.19
1148	0	0	11.22
1149	0	0	11.19
1150	0	0	11.19
1151	0	0	11.19
1152	0	0	11.21
1153	0	0	11.17
1154	0	0	11.10
1155	0	0	11.15
1156	0	0	11.14
1157	0	0	11.16
1158	0	0	11.17
1159	0	0	11.14
1160	0	0	11.10
1161	0	0	11.08
1162	0	0	11.07
1163	0	0	11.11
1164	0	0	11.24
1165	0	0	11.25
1166	0	0	11.18
1167	0	0	11.13
1168	0	0	11.11
1169	0	0	11.12
1170	0	0	11.14
1171	0	0	11.15
1172	0	0	11.13
1173	0	0	11.12
1174	0	0	11.12
1175	0	0	11.10
1176	0	0	11.09
1177	0	0	11.09
1178	0	0	11.09
1179	0	0	11.10
1180	0	0	11.16
1181	0	0	11.19
1182	0	0	11.23
1183	0	0	11.24
1184	0	0	11.29
1185	0	0	11.23
1186	0	0	11.19
1187	0	0	11.20
1188	0	0	11.12
1189	0	0	11.16
1190	0	0	11.17
1191	0	0	11.21
1192	0	0	11.22
1193	0	0	11.26
1194	0	0	11.16
1195	0	0	11.19
1196	0	0	11.30
1197	0	0	11.32
1198	0	0	11.31
1199	0	0	11.30
1200	0	0	11.31
1201	0	0	11.34
1202	0	0	11.30
1203	0	0	11.30
1204	0	0	11.35
1205	0	0	11.43
1206	0	0	11.46
1207	0	0	11.49
1208	0	0	11.54
1209	0	0	11.35
1210	0	0	11.25
1211	0	0	11.22
1212	0	0	11.20
1213	0	0	11.19
1214	0	0	11.19
1215	0	0	11.22
1216	0	0	11.21
1217	0	0	11.25
1218	0	0	11.24
1219	0	0	11.24
1220	0	0	11.24
1221	0	0	11.22
1222	0	0	11.20
1223	0	0	11.20
1224	0	0	11.20
1225	0	0	11.22
1226	0	0	11.27
1227	0	0	11.97
1228	0	0	12.31
1229	0	0	11.76
1230	0	0	11.44
1231	0	0	11.26
1232	0	0	11.16
1233	0	0	11.10
1234	0	0	11.03
1235	0	0	10.99
1236	0	0	10.98
1237	0	0	11.13
1238	0	0	11.16
1239	0	0	11.16
1240	0	0	11.17
1241	0	0	11.17
1242	0	0	11.17
1243	0	0	11.16
1244	0	0	11.17
1245	0	0	11.20
1246	0	0	11.21
1247	0	0	11.22
1248	0	0	11.22
1249	0	0	11.21
1250	0	0	11.21
1251	0	0	11.22
1252	0	0	11.22
1253	0	0	11.22
1254	0	0	11.21
1255	0	0	11.19
1256	0	0	11.20
1257	0	0	11.20
1258	0	0	11.22
1259	0	0	11.19
1260	0	0	11.14
1261	0	0	11.15
1262	0	0	11.11
1263	0	0	11.09
1264	0	0	11.06
1265	0	0	11.07
1266	0	0	11.07
1267	0	0	11.09
1268	0	0	11.13
1269	0	0	11.16
1270	0	0	11.12
1271	0	0	11.15
1272	0	0	11.35
1273	0	0	11.26
1274	0	0	11.21
1275	0	0	11.17
1276	0	0	11.21
1277	0	0	11.27
1278	0	0	11.16
1279	0	0	11.07
1280	0	0	11.10
1281	0	0	11.19
1282	0	0	11.27
1283	0	0	11.35
1284	0	0	11.74
1285	0	0	11.99
1286	0	0	11.64
1287	0	0	11.40
1288	0	0	11.31
1289	0	0	11.21
1290	0	0	11.14
1291	0	0	11.08
1292	0	0	11.05
1293	0	0	11.11
1294	0	0	11.30
1295	0	0	11.78
1296	0	0	11.65
1297	0	0	11.48
1298	0	0	11.37
1299	0	0	11.90
1300	0	0	12.03
1301	0	0	11.83
1302	0	0	11.70
1303	0	0	11.50
1304	0	0	11.35
1305	0	0	11.31
1306	0	0	11.25
1307	0	0	11.20
1308	0	0	11.15
1309	0	0	11.12
1310	0	0	11.09
1311	0	0	11.07
1312	0	0	11.05
1313	0	0	11.03
1314	0	0	10.99
1315	0	0	10.98
1316	0	0	10.98
1317	0	0	11.07
1318	0	0	11.31
1319	0	0	11.49
1320	0	0	11.54
1321	0	0	11.72
1322	0	0	11.50
1323	0	0	11.32
1324	0	0	11.20
1325	0	0	11.14
1326	0	0	11.11
1327	0	0	11.05
1328	0	0	11.03
1329	0	0	11.03
1330	0	0	11.00
1331	0	0	10.98
1332	0	0	10.99
1333	0	0	11.52
1334	0	0	15.44
1335	0	0	15.73
1336	0	0	13.90
1337	0	0	12.65
1338	0	0	12.12
1339	0	0	11.88
1340	0	0	11.75
1341	0	0	11.90
1342	0	0	12.02
1343	0	0	14.77
1344	0	0	15.66
1345	0	0	14.40
1346	0	0	12.55
1347	0	0	12.14
1348	0	0	11.92
1349	0	0	11.78
1350	0	0	11.67
1351	0	0	11.61
1352	0	0	11.57
1353	0	0	11.48
1354	0	0	11.42
1355	0	0	11.42
1356	0	0	11.42
1357	0	0	12.60
1358	0	0	16.28
1359	0	0	16.58
1360	0	0	14.71
1361	0	0	13.45
1362	0	0	13.04
1363	0	0	12.85
1364	0	0	12.68
1365	0	0	12.49
1366	0	0	12.30
1367	0	0	12.19
1368	0	0	12.10
1369	0	0	11.90
1370	0	0	11.78
1371	0	0	11.72
1372	0	0	11.69
1373	0	0	11.67
1374	0	0	11.74
1375	0	0	11.76
1376	0	0	11.72
1377	0	0	11.94
1378	0	0	12.03
1379	0	0	13.55
1380	0	0	15.17
1381	0	0	14.34
1382	0	0	13.28
1383	0	0	12.62
1384	0	0	12.35
1385	0	0	12.21
1386	0	0	12.31
1387	0	0	12.34
1388	0	0	14.13
1389	0	0	18.86
1390	0	0	20.50
1391	0	0	19.58
1392	0	0	17.15
1393	0	0	16.47
1394	0	0	16.08
1395	0	0	15.73
1396	0	0	15.72
1397	0	0	16.33
1398	0	0	17.79
1399	0	0	16.48
1400	0	0	15.27
1401	0	0	14.90
1402	0	0	14.59
1403	0	0	14.27
1404	0	0	14.24
1405	0	0	14.02
1406	0	0	13.74
1407	0	0	13.45
1408	0	0	13.27
1409	0	0	13.30
1410	0	0	13.28
1411	0	0	13.22
1412	0	0	12.99
1413	0	0	12.76
1414	0	0	12.64
1415	0	0	12.59
1416	0	0	12.48
1417	0	0	12.44
1418	0	0	12.42
1419	0	0	12.37
1420	0	0	12.31
1421	0	0	12.21
1422	0	0	12.07
1423	0	0	11.97
1424	0	0	11.89
1425	0	0	11.85
1426	0	0	11.82
1427	0	0	11.76
1428	0	0	11.76
1429	0	0	11.75
1430	0	0	11.71
1431	0	0	11.64
1432	0	0	11.62
1433	0	0	11.64
1434	0	0	11.60
1435	0	0	11.56
1436	0	0	11.55
1437	0	0	11.56
1438	0	0	11.56
1439	0	0	11.56
1440	0	0	11.76
1441	0	0	11.71
1442	0	0	11.83
1443	0	0	11.89
1444	0	0	11.79
1445	0	0	11.71
1446	0	0	11.71
1447	0	0	11.76
1448	0	0	11.62
1449	0	0	11.51
1450	0	0	11.45
1451	0	0	11.40
1452	0	0	11.36
1453	0	0	11.34
1454	0	0	11.31
1455	0	0	11.28
1456	0	0	11.27
1457	0	0	11.26
1458	0	0	11.25
1459	0	0	11.24
1460	0	0	11.22
1461	0	0	11.21
1462	0	0	11.18
1463	0	0	11.20
1464	0	0	11.33
1465	0	0	11.30
1466	0	0	11.23
1467	0	0	11.16
1468	0	0	11.17
1469	0	0	11.27
1470	0	0	11.84
1471	0	0	11.65
1472	0	0	11.48
1473	0	0	11.88
1474	0	0	11.63
1475	0	0	11.45
1476	0	0	11.39
1477	0	0	11.34
1478	0	0	11.27
1479	0	0	11.21
1480	0	0	11.16
1481	0	0	11.14
1482	0	0	11.14
1483	0	0	11.15
1484	0	0	11.26
1485	0	0	11.20
1486	0	0	11.17
1487	0	0	11.18
1488	0	0	11.27
1489	0	0	11.47
1490	0	0	11.49
1491	0	0	11.47
1492	0	0	11.41
1493	0	0	11.32
1494	0	0	11.27
1495	0	0	11.22
1496	0	0	11.24
1497	0	0	11.23
1498	0	0	11.17
1499	0	0	11.28
1500	0	0	11.62
1501	0	0	11.47
1502	0	0	11.60
1503	0	0	11.84
1504	0	0	11.69
1505	0	0	11.54
1506	0	0	11.69
1507	0	0	11.50
1508	0	0	11.86
1509	0	0	11.79
1510	0	0	11.60
1511	0	0	11.52
1512	0	0	11.46
1513	0	0	11.40
1514	0	0	11.35
1515	0	0	11.31
1516	0	0	11.27
1517	0	0	11.25
1518	0	0	11.24
1519	0	0	11.23
1520	0	0	11.24
1521	0	0	11.28
1522	0	0	11.24
1523	0	0	11.18
1524	0	0	11.19
1525	0	0	11.21
1526	0	0	11.22
1527	0	0	11.30
1528	0	0	11.36
1529	0	0	11.30
1530	0	0	11.24
1531	0	0	11.23
1532	0	0	11.31
1533	0	0	11.30
1534	0	0	11.21
1535	0	0	11.12
1536	0	0	11.16
1537	0	0	11.19
1538	0	0	11.23
1539	0	0	11.36
1540	0	0	11.47
1541	0	0	11.54
1542	0	0	11.81
1543	0	0	11.81
1544	0	0	11.63
1545	0	0	11.53
1546	0	0	11.45
1547	0	0	11.51
1548	0	0	11.51
1549	0	0	11.42
1550	0	0	11.46
1551	0	0	11.49
1552	0	0	11.50
1553	0	0	11.44
1554	0	0	11.45
1555	0	0	11.46
1556	0	0	11.48
1557	0	0	11.49
1558	0	0	11.49
1559	0	0	11.50
1560	0	0	11.51
1561	0	0	11.55
1562	0	0	11.56
1563	0	0	11.58
1564	0	0	11.56
1565	0	0	11.58
1566	0	0	11.68
1567	0	0	11.66
1568	0	0	11.72
1569	0	0	11.87
1570	0	0	11.76
1571	0	0	11.77
1572	0	0	11.76
1573	0	0	11.77
1574	0	0	11.85
1575	0	0	11.99
1576	0	0	11.78
1577	0	0	11.67
1578	0	0	11.62
1579	0	0	11.60
1580	0	0	11.59
1581	0	0	11.63
1582	0	0	11.70
1583	0	0	11.90
1584	0	0	12.20
1585	0	0	11.91
1586	0	0	11.65
1587	0	0	11.50
1588	0	0	11.41
1589	0	0	11.37
1590	0	0	11.35
1591	0	0	11.33
1592	0	0	11.31
1593	0	0	11.32
1594	0	0	11.32
1595	0	0	11.30
1596	0	0	11.31
1597	0	0	11.29
1598	0	0	11.24
1599	0	0	11.17
1600	0	0	11.14
1601	0	0	11.12
1602	0	0	11.09
1603	0	0	11.07
1604	0	0	11.04
1605	0	0	11.03
1606	0	0	11.05
1607	0	0	11.04
1608	0	0	11.11
1609	0	0	11.11
1610	0	0	11.05
1611	0	0	11.04
1612	0	0	11.03
1613	0	0	11.01
1614	0	0	10.98
1615	0	0	10.96
1616	0	0	10.97
1617	0	0	11.03
1618	0	0	10.98
1619	0	0	10.98
1620	0	0	10.98
1621	0	0	10.96
1622	0	0	10.93
1623	0	0	10.93
1624	0	0	10.93
1625	0	0	10.97
1626	0	0	10.96
1627	0	0	10.96
1628	0	0	10.94
1629	0	0	10.92
1630	0	0	10.92
1631	0	0	10.93
1632	0	0	10.94
1633	0	0	10.92
1634	0	0	10.92
1635	0	0	10.95
1636	0	0	11.00
1637	0	0	11.01
1638	0	0	10.98
1639	0	0	10.96
1640	0	0	10.97
1641	0	0	10.95
1642	0	0	10.93
1643	0	0	10.92
1644	0	0	10.92
1645	0	0	10.94
1646	0	0	10.96
1647	0	0	10.97
1648	0	0	10.98
1649	0	0	10.96
1650	0	0	10.96
1651	0	0	10.96
1652	0	0	11.00
1653	0	0	11.06
1654	0	0	11.05
1655	0	0	11.03
1656	0	0	11.02
1657	0	0	11.01
1658	0	0	11.04
1659	0	0	11.07
1660	0	0	11.04
1661	0	0	11.05
1662	0	0	11.06
1663	0	0	11.03
1664	0	0	11.03
1665	0	0	11.03
1666	0	0	11.00
1667	0	0	10.99
1668	0	0	10.94
1669	0	0	10.95
1670	0	0	10.98
1671	0	0	10.99
1672	0	0	10.98
1673	0	0	10.98
1674	0	0	10.98
1675	0	0	11.02
1676	0	0	11.05
1677	0	0	11.03
1678	0	0	11.02
1679	0	0	11.01
1680	0	0	11.00
1681	0	0	11.01
1682	0	0	11.02
1683	0	0	11.60
1684	0	0	13.62
1685	0	0	15.00
1686	0	0	14.01
1687	0	0	12.74
1688	0	0	12.11
1689	0	0	11.84
1690	0	0	11.64
1691	0	0	11.59
1692	0	0	11.57
1693	0	0	11.42
1694	0	0	11.35
1695	0	0	11.31
1696	0	0	11.27
1697	0	0	11.24
1698	0	0	11.21
1699	0	0	11.19
1700	0	0	11.17
1701	0	0	11.15
1702	0	0	11.13
1703	0	0	11.13
1704	0	0	11.15
1705	0	0	11.15
1706	0	0	11.14
1707	0	0	11.13
1708	0	0	11.12
1709	0	0	11.11
1710	0	0	11.10
1711	0	0	11.09
1712	0	0	11.08
1713	0	0	11.06
1714	0	0	11.06
1715	0	0	11.08
1716	0	0	11.44
1717	0	0	12.04
1718	0	0	11.96
1719	0	0	11.60
1720	0	0	11.42
1721	0	0	11.35
1722	0	0	11.24
1723	0	0	11.16
1724	0	0	11.12
1725	0	0	11.08
1726	0	0	11.06
1727	0	0	11.07
1728	0	0	11.06
1729	0	0	11.03
1730	0	0	11.02
1731	0	0	11.03
1732	0	0	11.02
1733	0	0	11.03
1734	0	0	11.03
1735	0	0	11.03
1736	0	0	11.00
1737	0	0	10.96
1738	0	0	10.96
1739	0	0	11.00
1740	0	0	11.02
1741	0	0	11.09
1742	0	0	11.33
1743	0	0	11.28
1744	0	0	11.34
1745	0	0	11.98
1746	0	0	11.99
1747	0	0	11.63
1748	0	0	11.41
1749	0	0	11.28
1750	0	0	11.21
1751	0	0	11.16
1752	0	0	11.12
1753	0	0	11.10
1754	0	0	11.09
1755	0	0	11.09
1756	0	0	11.11
1757	0	0	11.11
1758	0	0	11.10
1759	0	0	11.08
1760	0	0	11.06
1761	0	0	11.04
1762	0	0	11.03
1763	0	0	10.99
1764	0	0	10.97
1765	0	0	10.97
1766	0	0	11.00
1767	0	0	11.17
1768	0	0	11.31
1769	0	0	11.29
1770	0	0	11.38
1771	0	0	11.31
1772	0	0	11.21
1773	0	0	11.14
1774	0	0	11.11
1775	0	0	11.10
1776	0	0	11.09
1777	0	0	11.08
1778	0	0	11.10
1779	0	0	11.11
1780	0	0	11.05
1781	0	0	11.02
1782	0	0	11.04
1783	0	0	11.07
1784	0	0	11.08
1785	0	0	11.05
1786	0	0	11.12
1787	0	0	11.11
1788	0	0	11.07
1789	0	0	11.04
1790	0	0	11.01
1791	0	0	10.98
1792	0	0	11.16
1793	0	0	11.14
1794	0	0	11.04
1795	0	0	11.03
1796	0	0	11.00
1797	0	0	11.03
1798	0	0	11.01
1799	0	0	11.05
1800	0	0	11.03
1801	0	0	11.01
1802	0	0	11.02
1803	0	0	11.19
1804	0	0	11.81
1805	0	0	11.68
1806	0	0	11.46
1807	0	0	11.52
1808	0	0	11.44
1809	0	0	11.31
1810	0	0	11.35
1811	0	0	11.68
1812	0	0	11.85
1813	0	0	11.66
1814	0	0	11.38
1815	0	0	11.28
1816	0	0	11.60
1817	0	0	12.05
1818	0	0	11.75
1819	0	0	11.56
1820	0	0	11.38
1821	0	0	11.49
1822	0	0	11.67
1823	0	0	11.58
1824	0	0	11.41
1825	0	0	11.31
1826	0	0	11.28
1827	0	0	11.27
1828	0	0	11.19
1829	0	0	11.12
1830	0	0	11.07
1831	0	0	11.07
1832	0	0	11.05
1833	0	0	11.02
1834	0	0	10.99
1835	0	0	10.97
1836	0	0	10.94
1837	0	0	10.94
1838	0	0	10.94
1839	0	0	11.01
1840	0	0	10.99
1841	0	0	10.94
1842	0	0	10.91
1843	0	0	10.88
1844	0	0	10.87
1845	0	0	10.85
1846	0	0	10.84
1847	0	0	10.93
1848	0	0	10.97
1849	0	0	10.98
1850	0	0	10.95
1851	0	0	10.95
1852	0	0	11.05
1853	0	0	11.10
1854	0	0	11.11
1855	0	0	11.11
1856	0	0	11.12
1857	0	0	11.12
1858	0	0	11.12
1859	0	0	11.13
1860	0	0	11.12
1861	0	0	11.12
1862	0	0	11.12
1863	0	0	11.12
1864	0	0	11.12
1865	0	0	11.13
1866	0	0	11.13
1867	0	0	11.13
1868	0	0	11.13
1869	0	0	11.25
1870	0	0	11.39
1871	0	0	11.49
1872	0	0	11.59
1873	0	0	12.02
1874	0	0	11.75
1875	0	0	11.60
1876	0	0	11.45
1877	0	0	11.35
1878	0	0	11.26
1879	0	0	11.18
1880	0	0	11.11
1881	0	0	11.06
1882	0	0	11.02
1883	0	0	11.00
1884	0	0	10.99
1885	0	0	11.23
1886	0	0	11.26
1887	0	0	11.21
1888	0	0	11.16
1889	0	0	11.12
1890	0	0	11.10
1891	0	0	11.13
1892	0	0	11.14
1893	0	0	11.19
1894	0	0	11.20
1895	0	0	11.15
1896	0	0	11.12
1897	0	0	11.14
1898	0	0	11.18
1899	0	0	11.18
1900	0	0	11.14
1901	0	0	11.13
1902	0	0	11.12
1903	0	0	11.17
1904	0	0	11.22
1905	0	0	11.15
1906	0	0	11.09
1907	0	0	11.05
1908	0	0	11.02
1909	0	0	11.01
1910	0	0	11.00
1911	0	0	10.98
1912	0	0	11.01
1913	0	0	11.03
1914	0	0	11.01
1915	0	0	11.00
1916	0	0	11.02
1917	0	0	11.05
1918	0	0	11.06
1919	0	0	11.05
1920	0	0	11.05
1921	0	0	11.04
1922	0	0	11.03
1923	0	0	11.02
1924	0	0	11.02
1925	0	0	11.05
1926	0	0	11.03
1927	0	0	11.01
1928	0	0	11.00
1929	0	0	10.98
1930	0	0	10.99
1931	0	0	11.01
1932	0	0	11.01
1933	0	0	11.03
1934	0	0	11.04
1935	0	0	11.04
1936	0	0	11.02
1937	0	0	11.05
1938	0	0	11.19
1939	0	0	11.25
1940	0	0	12.13
1941	0	0	11.85
1942	0	0	11.50
1943	0	0	11.28
1944	0	0	11.14
1945	0	0	11.07
1946	0	0	11.19
1947	0	0	11.51
1948	0	0	11.94
1949	0	0	11.80
1950	0	0	11.49
1951	0	0	11.27
1952	0	0	11.14
1953	0	0	11.08
1954	0	0	11.09
1955	0	0	11.04
1956	0	0	11.00
1957	0	0	10.97
1958	0	0	11.01
1959	0	0	11.04
1960	0	0	11.53
1961	0	0	12.36
1962	0	0	12.14
1963	0	0	12.14
1964	0	0	11.98
1965	0	0	13.45
1966	0	0	13.08
1967	0	0	12.42
1968	0	0	11.94
1969	0	0	11.70
1970	0	0	11.52
1971	0	0	11.40
1972	0	0	11.33
1973	0	0	11.30
1974	0	0	11.74
1975	0	0	14.53
1976	0	0	13.91
1977	0	0	13.23
1978	0	0	14.32
1979	0	0	19.65
1980	0	0	19.81
1981	0	0	16.56
1982	0	0	13.85
1983	0	0	12.99
1984	0	0	12.68
1985	0	0	12.71
1986	0	0	12.74
1987	0	0	12.38
1988	0	0	12.09
1989	0	0	11.92
1990	0	0	11.81
1991	0	0	11.72
1992	0	0	11.66
1993	0	0	11.62
1994	0	0	11.55
1995	0	0	11.49
1996	0	0	11.46
1997	0	0	11.44
1998	0	0	11.42
1999	0	0	11.44
2000	0	0	11.56
2001	0	0	12.59
2002	0	0	14.44
2003	0	0	13.66
2004	0	0	14.51
2005	0	0	14.60
2006	0	0	13.70
2007	0	0	12.94
2008	0	0	12.38
2009	0	0	12.01
2010	0	0	11.85
2011	0	0	11.75
2012	0	0	11.67
2013	0	0	11.62
2014	0	0	11.57
2015	0	0	11.54
2016	0	0	11.56
2017	0	0	11.53
2018	0	0	11.52
2019	0	0	11.49
2020	0	0	11.47
2021	0	0	11.47
2022	0	0	11.46
2023	0	0	11.47
2024	0	0	11.48
2025	0	0	11.49
2026	0	0	11.48
2027	0	0	11.44
2028	0	0	11.42
2029	0	0	11.43
2030	0	0	11.54
2031	0	0	11.83
2032	0	0	12.43
2033	0	0	12.17
2034	0	0	11.88
2035	0	0	11.71
2036	0	0	11.62
2037	0	0	11.55
2038	0	0	11.51
2039	0	0	11.48
2040	0	0	11.46
2041	0	0	11.43
2042	0	0	11.42
2043	0	0	11.40
2044	0	0	11.40
2045	0	0	11.39
2046	0	0	11.38
2047	0	0	11.38
2048	0	0	11.37
2049	0	0	11.44
2050	0	0	11.43
2051	0	0	11.41
2052	0	0	11.46
2053	0	0	11.51
2054	0	0	11.44
2055	0	0	11.38
2056	0	0	11.34
2057	0	0	11.32
2058	0	0	11.31
2059	0	0	11.31
2060	0	0	11.29
2061	0	0	11.27
2062	0	0	11.27
2063	0	0	11.28
2064	0	0	11.28
2065	0	0	11.26
2066	0	0	11.27
2067	0	0	11.26
2068	0	0	11.24
2069	0	0	11.23
2070	0	0	11.22
2071	0	0	11.21
2072	0	0	11.21
2073	0	0	11.20
2074	0	0	11.22
2075	0	0	11.21
2076	0	0	11.19
2077	0	0	11.18
2078	0	0	11.19
2079	0	0	11.20
2080	0	0	11.19
2081	0	0	11.18
2082	0	0	11.19
2083	0	0	11.19
2084	0	0	11.17
2085	0	0	11.23
2086	0	0	11.22
2087	0	0	11.20
2088	0	0	11.18
2089	0	0	11.19
2090	0	0	11.16
2091	0	0	11.16
2092	0	0	11.19
2093	0	0	11.17
2094	0	0	11.15
2095	0	0	11.13
2096	0	0	11.17
2097	0	0	11.16
2098	0	0	11.12
2099	0	0	11.17
2100	0	0	11.20
2101	0	0	11.16
2102	0	0	11.16
2103	0	0	11.17
2104	0	0	11.28
2105	0	0	11.26
2106	0	0	11.20
2107	0	0	11.22
2108	0	0	11.25
2109	0	0	11.30
2110	0	0	11.34
2111	0	0	11.26
2112	0	0	11.20
2113	0	0	11.21
2114	0	0	11.51
2115	0	0	11.46
2116	0	0	11.35
2117	0	0	11.28
2118	0	0	11.20
2119	0	0	11.28
2120	0	0	11.68
2121	0	0	11.42
2122	0	0	11.50
2123	0	0	11.39
2124	0	0	11.25
2125	0	0	11.17
2126	0	0	11.15
2127	0	0	11.13
2128	0	0	11.14
2129	0	0	11.23
2130	0	0	11.34
2131	0	0	11.22
2132	0	0	11.17
2133	0	0	11.18
2134	0	0	11.16
2135	0	0	11.14
2136	0	0	11.14
2137	0	0	11.89
2138	0	0	11.75
2139	0	0	11.58
2140	0	0	11.34
2141	0	0	11.21
2142	0	0	11.16
2143	0	0	11.14
2144	0	0	11.11
2145	0	0	11.10
2146	0	0	11.17
2147	0	0	11.27
2148	0	0	11.21
2149	0	0	11.13
2150	0	0	11.09
2151	0	0	11.07
2152	0	0	11.05
2153	0	0	11.02
2154	0	0	11.00
2155	0	0	10.98
2156	0	0	10.96
2157	0	0	10.96
2158	0	0	10.99
2159	0	0	10.98
2160	0	0	10.97
2161	0	0	10.95
2162	0	0	10.91
2163	0	0	10.87
2164	0	0	10.84
2165	0	0	10.82
2166	0	0	10.85
2167	0	0	10.90
2168	0	0	10.97
2169	0	0	11.01
2170	0	0	11.16
2171	0	0	11.52
2172	0	0	12.35
2173	0	0	12.73
2174	0	0	13.70
2175	0	0	12.86
2176	0	0	12.33
2177	0	0	11.85
2178	0	0	11.55
2179	0	0	11.36
2180	0	0	11.25
2181	0	0	11.19
2182	0	0	11.15
2183	0	0	11.11
2184	0	0	11.07
2185	0	0	11.09
2186	0	0	11.83
2187	0	0	13.39
2188	0	0	13.96
2189	0	0	13.17
2190	0	0	12.24
2191	0	0	11.93
2192	0	0	11.67
2193	0	0	11.50
2194	0	0	11.38
2195	0	0	11.29
2196	0	0	11.23
2197	0	0	11.17
2198	0	0	11.13
2199	0	0	11.14
2200	0	0	11.30
2201	0	0	11.54
2202	0	0	11.89
2203	0	0	11.72
2204	0	0	11.56
2205	0	0	12.10
2206	0	0	12.33
2207	0	0	12.17
2208	0	0	11.69
2209	0	0	11.41
2210	0	0	11.28
2211	0	0	11.21
2212	0	0	11.17
2213	0	0	11.13
2214	0	0	11.11
2215	0	0	11.41
2216	0	0	12.14
2217	0	0	12.25
2218	0	0	12.38
2219	0	0	12.23
2220	0	0	12.02
2221	0	0	11.91
2222	0	0	11.83
2223	0	0	11.55
2224	0	0	11.39
2225	0	0	11.35
2226	0	0	11.40
2227	0	0	11.42
2228	0	0	11.26
2229	0	0	11.19
2230	0	0	11.14
2231	0	0	11.14
2232	0	0	11.66
2233	0	0	11.44
2234	0	0	11.21
2235	0	0	11.10
2236	0	0	11.04
2237	0	0	11.01
2238	0	0	11.20
2239	0	0	11.38
2240	0	0	12.54
2241	0	0	12.00
2242	0	0	11.59
2243	0	0	11.42
2244	0	0	11.30
2245	0	0	11.20
2246	0	0	11.11
2247	0	0	11.12
2248	0	0	11.08
2249	0	0	11.03
2250	0	0	10.99
2251	0	0	11.01
2252	0	0	11.00
2253	0	0	11.02
2254	0	0	11.00
2255	0	0	10.97
2256	0	0	10.97
2257	0	0	10.97
2258	0	0	10.92
2259	0	0	10.92
2260	0	0	10.95
2261	0	0	10.93
2262	0	0	10.91
2263	0	0	11.02
2264	0	0	11.14
2265	0	0	11.05
2266	0	0	10.96
2267	0	0	10.91
2268	0	0	10.91
2269	0	0	10.89
2270	0	0	10.91
2271	0	0	10.90
2272	0	0	10.86
2273	0	0	10.97
2274	0	0	10.97
2275	0	0	10.98
2276	0	0	10.98
2277	0	0	10.99
2278	0	0	11.00
2279	0	0	10.95
2280	0	0	11.05
2281	0	0	11.11
2282	0	0	11.13
2283	0	0	11.11
2284	0	0	11.10
2285	0	0	11.16
2286	0	0	11.10
2287	0	0	11.01
2288	0	0	10.94
2289	0	0	10.94
2290	0	0	10.91
2291	0	0	10.88
2292	0	0	10.88
2293	0	0	11.00
2294	0	0	11.01
2295	0	0	11.01
2296	0	0	10.96
2297	0	0	10.94
2298	0	0	10.93
2299	0	0	10.96
2300	0	0	10.99
2301	0	0	11.14
2302	0	0	12.05
2303	0	0	12.69
2304	0	0	11.85
2305	0	0	11.45
2306	0	0	11.32
2307	0	0	11.24
2308	0	0	11.22
2309	0	0	11.32
2310	0	0	11.30
2311	0	0	11.26
2312	0	0	11.19
2313	0	0	11.11
2314	0	0	11.17
2315	0	0	11.15
2316	0	0	11.07
2317	0	0	11.03
2318	0	0	10.97
2319	0	0	10.98
2320	0	0	11.00
2321	0	0	10.98
2322	0	0	10.92
2323	0	0	10.94
2324	0	0	10.99
2325	0	0	11.00
2326	0	0	11.20
2327	0	0	11.60
2328	0	0	11.67
2329	0	0	11.47
2330	0	0	11.24
2331	0	0	11.10
2332	0	0	11.05
2333	0	0	11.00
2334	0	0	10.96
2335	0	0	10.92
2336	0	0	10.92
2337	0	0	10.96
2338	0	0	10.92
2339	0	0	10.90
2340	0	0	10.89
2341	0	0	10.87
2342	0	0	10.86
2343	0	0	10.85
2344	0	0	10.83
2345	0	0	10.81
2346	0	0	10.80
2347	0	0	10.80
2348	0	0	10.89
2349	0	0	11.05
2350	0	0	11.06
2351	0	0	11.29
2352	0	0	11.45
2353	0	0	11.27
2354	0	0	11.15
2355	0	0	11.05
2356	0	0	11.00
2357	0	0	11.00
2358	0	0	10.99
2359	0	0	10.96
2360	0	0	10.94
2361	0	0	11.01
2362	0	0	11.16
2363	0	0	11.05
2364	0	0	10.98
2365	0	0	10.98
2366	0	0	11.76
2367	0	0	13.05
2368	0	0	13.53
2369	0	0	12.35
2370	0	0	11.77
2371	0	0	11.49
2372	0	0	11.35
2373	0	0	11.27
2374	0	0	11.22
2375	0	0	11.20
2376	0	0	11.17
2377	0	0	11.16
2378	0	0	11.14
2379	0	0	11.14
2380	0	0	11.13
2381	0	0	11.13
2382	0	0	11.12
2383	0	0	11.11
2384	0	0	11.11
2385	0	0	11.12
2386	0	0	11.14
2387	0	0	11.13
2388	0	0	11.12
2389	0	0	11.12
2390	0	0	11.11
2391	0	0	11.13
2392	0	0	11.21
2393	0	0	11.25
2394	0	0	11.23
2395	0	0	11.27
2396	0	0	11.21
2397	0	0	11.17
2398	0	0	11.11
2399	0	0	11.09
2400	0	0	11.09
2401	0	0	11.10
2402	0	0	11.10
2403	0	0	11.07
2404	0	0	11.04
2405	0	0	11.21
2406	0	0	11.32
2407	0	0	11.72
2408	0	0	12.53
2409	0	0	12.67
2410	0	0	12.09
2411	0	0	11.72
2412	0	0	11.47
2413	0	0	11.34
2414	0	0	11.28
2415	0	0	12.12
2416	0	0	12.15
2417	0	0	12.36
2418	0	0	12.09
2419	0	0	11.85
2420	0	0	11.66
2421	0	0	11.53
2422	0	0	11.44
2423	0	0	11.33
2424	0	0	11.28
2425	0	0	11.25
2426	0	0	12.21
2427	0	0	15.08
2428	0	0	15.94
2429	0	0	14.92
2430	0	0	13.43
2431	0	0	12.56
2432	0	0	12.09
2433	0	0	11.87
2434	0	0	11.74
2435	0	0	11.64
2436	0	0	11.58
2437	0	0	11.54
2438	0	0	11.56
2439	0	0	11.58
2440	0	0	11.51
2441	0	0	11.48
2442	0	0	11.47
2443	0	0	11.45
2444	0	0	11.43
2445	0	0	11.39
2446	0	0	11.37
2447	0	0	11.33
2448	0	0	11.26
2449	0	0	11.24
2450	0	0	11.22
2451	0	0	11.22
2452	0	0	11.22
2453	0	0	11.21
2454	0	0	11.21
2455	0	0	11.17
2456	0	0	11.17
2457	0	0	11.15
2458	0	0	11.14
2459	0	0	11.14
2460	0	0	11.14
2461	0	0	11.14
2462	0	0	11.15
2463	0	0	11.15
2464	0	0	11.16
2465	0	0	11.19
2466	0	0	11.19
2467	0	0	11.18
2468	0	0	11.20
2469	0	0	11.23
2470	0	0	11.32
2471	0	0	11.57
2472	0	0	12.52
2473	0	0	16.45
2474	0	0	17.93
2475	0	0	16.56
2476	0	0	14.03
2477	0	0	13.13
2478	0	0	12.56
2479	0	0	12.29
2480	0	0	12.15
2481	0	0	12.05
2482	0	0	11.99
2483	0	0	11.99
2484	0	0	12.60
2485	0	0	13.84
2486	0	0	13.88
2487	0	0	13.18
2488	0	0	12.64
2489	0	0	12.22
2490	0	0	11.97
2491	0	0	11.84
2492	0	0	11.75
2493	0	0	11.68
2494	0	0	11.62
2495	0	0	11.58
2496	0	0	11.56
2497	0	0	11.53
2498	0	0	11.49
2499	0	0	11.50
2500	0	0	11.55
2501	0	0	11.60
2502	0	0	11.56
2503	0	0	11.45
2504	0	0	11.36
2505	0	0	11.34
2506	0	0	11.41
2507	0	0	11.79
2508	0	0	11.72
2509	0	0	11.58
2510	0	0	11.62
2511	0	0	12.15
2512	0	0	11.91
2513	0	0	13.33
2514	0	0	13.08
2515	0	0	12.66
2516	0	0	12.18
2517	0	0	11.80
2518	0	0	11.86
2519	0	0	12.91
2520	0	0	12.79
2521	0	0	12.27
2522	0	0	12.05
2523	0	0	13.30
2524	0	0	14.00
2525	0	0	13.31
2526	0	0	12.53
2527	0	0	12.12
2528	0	0	11.90
2529	0	0	11.78
2530	0	0	11.79
2531	0	0	14.61
2532	0	0	14.49
2533	0	0	12.69
2534	0	0	12.15
2535	0	0	12.81
2536	0	0	13.22
2537	0	0	15.62
2538	0	0	15.79
2539	0	0	15.97
2540	0	0	16.27
2541	0	0	15.85
2542	0	0	16.40
2543	0	0	17.29
2544	0	0	16.66
2545	0	0	15.87
2546	0	0	15.51
2547	0	0	15.70
2548	0	0	15.96
2549	0	0	17.54
2550	0	0	20.54
2551	0	0	22.16
2552	0	0	22.87
2553	0	0	22.23
2554	0	0	19.94
2555	0	0	17.41
2556	0	0	16.37
2557	0	0	16.76
2558	0	0	16.77
2559	0	0	17.09
2560	0	0	17.27
2561	0	0	17.34
2562	0	0	17.34
2563	0	0	17.35
2564	0	0	17.34
2565	0	0	17.28
2566	0	0	17.17
2567	0	0	17.07
2568	0	0	17.21
2569	0	0	17.29
2570	0	0	17.20
2571	0	0	17.11
2572	0	0	17.58
2573	0	0	18.83
2574	0	0	18.75
2575	0	0	16.31
2576	0	0	15.73
2577	0	0	16.40
2578	0	0	16.84
2579	0	0	17.05
2580	0	0	17.28
2581	0	0	17.48
2582	0	0	17.75
2583	0	0	18.09
2584	0	0	18.60
2585	0	0	18.32
2586	0	0	17.63
2587	0	0	17.23
2588	0	0	16.89
2589	0	0	16.47
2590	0	0	15.89
2591	0	0	15.66
2592	0	0	15.61
2593	0	0	15.27
2594	0	0	14.99
2595	0	0	14.92
2596	0	0	15.07
2597	0	0	15.66
2598	0	0	15.91
2599	0	0	15.91
2600	0	0	15.75
2601	0	0	15.24
2602	0	0	14.51
2603	0	0	14.22
2604	0	0	14.13
2605	0	0	14.00
2606	0	0	13.90
2607	0	0	13.79
2608	0	0	13.51
2609	0	0	13.36
2610	0	0	13.24
2611	0	0	13.15
2612	0	0	13.05
2613	0	0	13.03
2614	0	0	12.87
2615	0	0	12.69
2616	0	0	12.63
2617	0	0	12.61
2618	0	0	12.57
2619	0	0	12.49
2620	0	0	12.47
2621	0	0	12.49
2622	0	0	12.44
2623	0	0	12.40
2624	0	0	12.39
2625	0	0	12.37
2626	0	0	12.35
2627	0	0	12.36
2628	0	0	12.39
2629	0	0	12.36
2630	0	0	12.34
2631	0	0	12.32
2632	0	0	12.24
2633	0	0	12.19
2634	0	0	12.16
2635	0	0	12.13
2636	0	0	11.99
2637	0	0	11.81
2638	0	0	11.72
2639	0	0	11.80
2640	0	0	11.95
2641	0	0	11.85
2642	0	0	11.70
2643	0	0	11.67
2644	0	0	11.77
2645	0	0	11.67
2646	0	0	11.59
2647	0	0	11.53
2648	0	0	11.50
2649	0	0	11.48
2650	0	0	11.47
2651	0	0	11.61
2652	0	0	12.02
2653	0	0	12.32
2654	0	0	12.23
2655	0	0	11.87
2656	0	0	11.66
2657	0	0	11.56
2658	0	0	11.50
2659	0	0	11.49
2660	0	0	11.78
2661	0	0	11.75
2662	0	0	11.59
2663	0	0	11.51
2664	0	0	11.46
2665	0	0	11.42
2666	0	0	11.41
2667	0	0	11.41
2668	0	0	11.41
2669	0	0	11.40
2670	0	0	11.39
2671	0	0	11.36
2672	0	0	11.35
2673	0	0	11.35
2674	0	0	11.35
2675	0	0	11.35
2676	0	0	11.35
2677	0	0	11.35
2678	0	0	11.33
2679	0	0	11.32
2680	0	0	11.32
2681	0	0	11.32
2682	0	0	11.32
2683	0	0	11.33
2684	0	0	11.32
2685	0	0	11.33
2686	0	0	11.35
2687	0	0	11.32
2688	0	0	11.30
2689	0	0	11.29
2690	0	0	11.28
2691	0	0	11.27
2692	0	0	11.26
2693	0	0	11.25
2694	0	0	11.25
2695	0	0	11.25
2696	0	0	11.25
2697	0	0	11.25
2698	0	0	11.24
2699	0	0	11.24
2700	0	0	11.30
2701	0	0	11.60
2702	0	0	15.06
2703	0	0	17.78
2704	0	0	17.25
2705	0	0	14.96
2706	0	0	15.19
2707	0	0	15.29
2708	0	0	17.58
2709	0	0	20.65
2710	0	0	21.88
2711	0	0	20.41
2712	0	0	16.49
2713	0	0	16.42
2714	0	0	16.66
2715	0	0	17.43
2716	0	0	18.37
2717	0	0	18.25
2718	0	0	17.40
2719	0	0	16.27
2720	0	0	15.53
2721	0	0	14.98
2722	0	0	14.61
2723	0	0	14.32
2724	0	0	14.16
2725	0	0	14.35
2726	0	0	16.38
2727	0	0	16.30
2728	0	0	15.02
2729	0	0	14.29
2730	0	0	14.03
2731	0	0	13.82
2732	0	0	13.72
2733	0	0	13.53
2734	0	0	13.25
2735	0	0	12.95
2736	0	0	13.20
2737	0	0	15.10
2738	0	0	17.05
2739	0	0	17.62
2740	0	0	17.72
2741	0	0	17.61
2742	0	0	17.57
2743	0	0	17.67
2744	0	0	17.75
2745	0	0	17.87
2746	0	0	17.94
2747	0	0	17.91
2748	0	0	17.86
2749	0	0	17.66
2750	0	0	17.05
2751	0	0	17.25
2752	0	0	18.74
2753	0	0	19.18
2754	0	0	17.56
2755	0	0	15.69
2756	0	0	15.44
2757	0	0	15.16
2758	0	0	14.82
2759	0	0	14.70
2760	0	0	14.67
2761	0	0	14.65
2762	0	0	14.75
2763	0	0	14.81
2764	0	0	14.69
2765	0	0	15.23
2766	0	0	18.13
2767	0	0	18.90
2768	0	0	17.90
2769	0	0	16.06
2770	0	0	15.45
2771	0	0	15.44
2772	0	0	15.44
2773	0	0	15.41
2774	0	0	15.29
2775	0	0	15.37
2776	0	0	15.86
2777	0	0	15.88
2778	0	0	15.77
2779	0	0	15.40
2780	0	0	15.12
2781	0	0	15.02
2782	0	0	14.60
2783	0	0	14.22
2784	0	0	14.19
2785	0	0	14.17
2786	0	0	14.09
2787	0	0	13.97
2788	0	0	13.88
2789	0	0	13.88
2790	0	0	13.86
2791	0	0	13.80
2792	0	0	13.54
2793	0	0	13.63
2794	0	0	13.60
2795	0	0	13.60
2796	0	0	13.48
2797	0	0	13.21
2798	0	0	13.16
2799	0	0	13.17
2800	0	0	13.12
2801	0	0	12.89
2802	0	0	12.67
2803	0	0	12.58
2804	0	0	12.54
2805	0	0	12.62
2806	0	0	13.07
2807	0	0	13.12
2808	0	0	12.94
2809	0	0	12.61
2810	0	0	12.65
2811	0	0	13.08
2812	0	0	13.12
2813	0	0	13.03
2814	0	0	13.13
2815	0	0	12.89
2816	0	0	12.55
2817	0	0	12.50
2818	0	0	12.75
2819	0	0	12.74
2820	0	0	12.67
2821	0	0	12.42
2822	0	0	12.50
2823	0	0	12.51
2824	0	0	12.98
2825	0	0	13.76
2826	0	0	13.45
2827	0	0	13.75
2828	0	0	13.67
2829	0	0	13.38
2830	0	0	13.20
2831	0	0	13.34
2832	0	0	13.21
2833	0	0	12.97
2834	0	0	12.56
2835	0	0	12.58
2836	0	0	12.67
2837	0	0	12.65
2838	0	0	13.86
2839	0	0	18.70
2840	0	0	20.61
2841	0	0	20.53
2842	0	0	19.51
2843	0	0	18.69
2844	0	0	17.49
2845	0	0	16.86
2846	0	0	16.71
2847	0	0	16.78
2848	0	0	16.39
2849	0	0	15.66
2850	0	0	15.45
2851	0	0	15.51
2852	0	0	15.01
2853	0	0	14.72
2854	0	0	14.77
2855	0	0	14.57
2856	0	0	14.43
2857	0	0	13.88
2858	0	0	13.85
2859	0	0	13.91
2860	0	0	13.70
2861	0	0	13.63
2862	0	0	13.60
2863	0	0	13.60
2864	0	0	13.53
2865	0	0	13.49
2866	0	0	13.34
2867	0	0	13.23
2868	0	0	13.12
2869	0	0	13.21
2870	0	0	13.23
2871	0	0	13.13
2872	0	0	12.84
2873	0	0	12.80
2874	0	0	13.12
2875	0	0	13.23
2876	0	0	13.15
2877	0	0	13.03
2878	0	0	15.69
2879	0	0	20.63
2880	0	0	21.57
2881	0	0	20.71
2882	0	0	18.84
2883	0	0	16.99
2884	0	0	14.98
2885	0	0	14.27
2886	0	0	14.30
2887	0	0	15.82
2888	0	0	17.20
2889	0	0	17.73
2890	0	0	17.81
2891	0	0	18.20
2892	0	0	18.10
2893	0	0	17.69
2894	0	0	17.48
2895	0	0	17.46
2896	0	0	17.59
2897	0	0	17.32
2898	0	0	17.08
2899	0	0	16.95
2900	0	0	16.82
2901	0	0	16.51
2902	0	0	16.65
2903	0	0	16.89
2904	0	0	16.90
2905	0	0	17.37
2906	0	0	17.83
2907	0	0	17.55
2908	0	0	17.23
2909	0	0	17.15
2910	0	0	18.60
2911	0	0	19.68
2912	0	0	19.25
2913	0	0	16.64
2914	0	0	15.94
2915	0	0	15.81
2916	0	0	16.19
2917	0	0	18.59
2918	0	0	19.49
2919	0	0	19.23
2920	0	0	16.69
2921	0	0	15.01
2922	0	0	14.31
2923	0	0	14.57
2924	0	0	18.01
2925	0	0	19.47
2926	0	0	18.25
2927	0	0	16.03
2928	0	0	14.96
2929	0	0	15.46
2930	0	0	16.67
2931	0	0	17.53
2932	0	0	17.98
2933	0	0	18.20
2934	0	0	18.31
2935	0	0	18.43
2936	0	0	18.58
2937	0	0	18.02
2938	0	0	17.84
2939	0	0	18.08
2940	0	0	18.25
2941	0	0	18.32
2942	0	0	18.32
2943	0	0	18.30
2944	0	0	18.33
2945	0	0	18.36
2946	0	0	18.33
2947	0	0	18.28
2948	0	0	18.23
2949	0	0	18.21
2950	0	0	18.20
2951	0	0	18.25
2952	0	0	18.27
2953	0	0	18.07
2954	0	0	17.59
2955	0	0	17.36
2956	0	0	17.26
2957	0	0	17.18
2958	0	0	16.93
2959	0	0	16.16
2960	0	0	16.08
2961	0	0	16.15
2962	0	0	16.15
2963	0	0	16.12
2964	0	0	15.64
2965	0	0	15.41
2966	0	0	15.30
2967	0	0	14.87
2968	0	0	14.67
2969	0	0	14.59
2970	0	0	14.55
2971	0	0	14.52
2972	0	0	14.47
2973	0	0	14.37
2974	0	0	14.21
2975	0	0	14.08
2976	0	0	14.04
2977	0	0	14.03
2978	0	0	14.02
2979	0	0	14.00
2980	0	0	13.93
2981	0	0	13.91
2982	0	0	13.88
2983	0	0	13.85
2984	0	0	13.72
2985	0	0	13.63
2986	0	0	13.70
2987	0	0	13.75
2988	0	0	13.74
2989	0	0	13.73
2990	0	0	13.71
2991	0	0	13.59
2992	0	0	13.45
2993	0	0	13.32
2994	0	0	13.24
2995	0	0	13.20
2996	0	0	13.14
2997	0	0	13.07
2998	0	0	13.05
2999	0	0	13.53
3000	0	0	14.90
3001	0	0	15.70
3002	0	0	15.38
3003	0	0	15.44
3004	0	0	16.32
3005	0	0	16.12
3006	0	0	14.98
3007	0	0	14.20
3008	0	0	14.00
3009	0	0	14.00
3010	0	0	14.03
3011	0	0	14.04
3012	0	0	13.95
3013	0	0	13.92
3014	0	0	14.03
3015	0	0	13.92
3016	0	0	13.88
3017	0	0	13.70
3018	0	0	13.49
3019	0	0	13.55
3020	0	0	13.53
3021	0	0	13.48
3022	0	0	13.40
3023	0	0	13.25
3024	0	0	13.18
3025	0	0	13.13
3026	0	0	13.11
3027	0	0	13.02
3028	0	0	12.59
3029	0	0	12.36
3030	0	0	12.26
3031	0	0	12.21
3032	0	0	12.21
3033	0	0	12.16
3034	0	0	12.11
3035	0	0	12.08
3036	0	0	12.05
3037	0	0	12.03
3038	0	0	12.09
3039	0	0	12.13
3040	0	0	12.00
3041	0	0	12.13
3042	0	0	12.11
3043	0	0	12.03
3044	0	0	11.98
3045	0	0	11.99
3046	0	0	12.04
3047	0	0	12.04
3048	0	0	12.03
3049	0	0	12.02
3050	0	0	12.00
3051	0	0	12.00
3052	0	0	12.09
3053	0	0	12.14
3054	0	0	12.09
3055	0	0	11.98
3056	0	0	11.93
3057	0	0	12.06
3058	0	0	12.16
3059	0	0	12.19
3060	0	0	12.19
3061	0	0	12.17
3062	0	0	12.16
3063	0	0	12.15
3064	0	0	12.14
3065	0	0	12.15
3066	0	0	12.04
3067	0	0	11.87
3068	0	0	11.83
3069	0	0	11.79
3070	0	0	11.71
3071	0	0	11.67
3072	0	0	11.64
3073	0	0	11.63
3074	0	0	11.63
3075	0	0	11.64
3076	0	0	11.64
3077	0	0	11.62
3078	0	0	11.71
3079	0	0	11.99
3080	0	0	12.17
3081	0	0	12.76
3082	0	0	12.38
3083	0	0	12.84
3084	0	0	13.22
3085	0	0	13.18
3086	0	0	13.14
3087	0	0	13.19
3088	0	0	13.17
3089	0	0	13.15
3090	0	0	13.09
3091	0	0	12.97
3092	0	0	12.90
3093	0	0	12.68
3094	0	0	12.48
3095	0	0	12.57
3096	0	0	12.63
3097	0	0	12.59
3098	0	0	12.46
3099	0	0	12.29
3100	0	0	12.40
3101	0	0	12.46
3102	0	0	12.42
3103	0	0	12.37
3104	0	0	12.35
3105	0	0	12.42
3106	0	0	12.43
3107	0	0	12.56
3108	0	0	12.74
3109	0	0	13.24
3110	0	0	13.35
3111	0	0	13.52
3112	0	0	13.24
3113	0	0	12.92
3114	0	0	12.74
3115	0	0	12.61
3116	0	0	12.56
3117	0	0	12.51
3118	0	0	12.48
3119	0	0	12.30
3120	0	0	12.17
3121	0	0	12.13
3122	0	0	12.09
3123	0	0	12.06
3124	0	0	12.03
3125	0	0	11.97
3126	0	0	11.94
3127	0	0	12.18
3128	0	0	12.18
3129	0	0	11.99
3130	0	0	12.02
3131	0	0	11.97
3132	0	0	11.88
3133	0	0	11.83
3134	0	0	11.81
3135	0	0	11.80
3136	0	0	12.00
3137	0	0	11.99
3138	0	0	12.04
3139	0	0	12.04
3140	0	0	12.07
3141	0	0	12.01
3142	0	0	12.02
3143	0	0	11.93
3144	0	0	12.05
3145	0	0	12.31
3146	0	0	12.14
3147	0	0	11.96
3148	0	0	11.85
3149	0	0	11.81
3150	0	0	11.78
3151	0	0	12.02
3152	0	0	12.40
3153	0	0	13.53
3154	0	0	16.18
3155	0	0	16.29
3156	0	0	15.24
3157	0	0	14.29
3158	0	0	13.85
3159	0	0	13.61
3160	0	0	13.75
3161	0	0	13.39
3162	0	0	13.16
3163	0	0	13.17
3164	0	0	13.11
3165	0	0	12.76
3166	0	0	12.52
3167	0	0	12.46
3168	0	0	12.60
3169	0	0	12.42
3170	0	0	12.35
3171	0	0	12.26
3172	0	0	12.34
3173	0	0	12.18
3174	0	0	12.08
3175	0	0	12.04
3176	0	0	12.02
3177	0	0	11.96
3178	0	0	12.10
3179	0	0	12.02
3180	0	0	11.92
3181	0	0	11.91
3182	0	0	12.75
3183	0	0	13.08
3184	0	0	13.21
3185	0	0	13.08
3186	0	0	13.63
3187	0	0	14.25
3188	0	0	14.43
3189	0	0	14.13
3190	0	0	13.86
3191	0	0	13.53
3192	0	0	13.40
3193	0	0	13.42
3194	0	0	13.28
3195	0	0	13.39
3196	0	0	13.50
3197	0	0	13.62
3198	0	0	13.64
3199	0	0	13.36
3200	0	0	13.02
3201	0	0	12.86
3202	0	0	12.99
3203	0	0	13.03
3204	0	0	12.96
3205	0	0	12.61
3206	0	0	12.49
3207	0	0	12.84
3208	0	0	13.31
3209	0	0	13.30
3210	0	0	13.37
3211	0	0	13.23
3212	0	0	12.98
3213	0	0	12.74
3214	0	0	12.50
3215	0	0	12.37
3216	0	0	12.27
3217	0	0	12.52
3218	0	0	12.66
3219	0	0	12.65
3220	0	0	12.28
3221	0	0	12.23
3222	0	0	12.27
3223	0	0	12.50
3224	0	0	12.76
3225	0	0	12.67
3226	0	0	12.64
3227	0	0	12.79
3228	0	0	12.85
3229	0	0	13.56
3230	0	0	13.68
3231	0	0	13.61
3232	0	0	13.33
3233	0	0	13.37
3234	0	0	13.35
3235	0	0	13.17
3236	0	0	14.15
3237	0	0	18.54
3238	0	0	20.07
3239	0	0	19.24
3240	0	0	15.74
3241	0	0	14.92
3242	0	0	14.61
3243	0	0	14.60
3244	0	0	14.75
3245	0	0	14.69
3246	0	0	14.47
3247	0	0	14.34
3248	0	0	14.24
3249	0	0	14.09
3250	0	0	13.89
3251	0	0	13.68
3252	0	0	13.54
3253	0	0	13.66
3254	0	0	13.63
3255	0	0	13.20
3256	0	0	12.97
3257	0	0	12.74
3258	0	0	12.56
3259	0	0	12.41
3260	0	0	12.36
3261	0	0	12.34
3262	0	0	12.31
3263	0	0	12.07
3264	0	0	11.90
3265	0	0	11.84
3266	0	0	11.81
3267	0	0	11.86
3268	0	0	11.90
3269	0	0	11.89
3270	0	0	11.86
3271	0	0	11.82
3272	0	0	11.81
3273	0	0	11.77
3274	0	0	11.74
3275	0	0	11.78
3276	0	0	11.92
3277	0	0	12.45
3278	0	0	12.56
3279	0	0	12.53
3280	0	0	12.15
3281	0	0	12.02
3282	0	0	11.95
3283	0	0	11.96
3284	0	0	12.98
3285	0	0	13.21
3286	0	0	12.57
3287	0	0	12.39
3288	0	0	12.07
3289	0	0	11.97
3290	0	0	12.71
3291	0	0	12.83
3292	0	0	12.92
3293	0	0	12.79
3294	0	0	12.83
3295	0	0	12.85
3296	0	0	13.10
3297	0	0	13.06
3298	0	0	12.99
3299	0	0	12.91
3300	0	0	12.93
3301	0	0	13.13
3302	0	0	13.19
3303	0	0	13.10
3304	0	0	12.93
3305	0	0	12.65
3306	0	0	12.49
3307	0	0	12.57
3308	0	0	12.56
3309	0	0	12.30
3310	0	0	12.24
3311	0	0	12.33
3312	0	0	12.94
3313	0	0	12.40
3314	0	0	12.22
3315	0	0	12.46
3316	0	0	12.60
3317	0	0	12.69
3318	0	0	12.63
3319	0	0	12.45
3320	0	0	12.41
3321	0	0	12.36
3322	0	0	12.95
3323	0	0	12.78
3324	0	0	12.38
3325	0	0	12.47
3326	0	0	12.35
3327	0	0	12.31
3328	0	0	12.23
3329	0	0	12.24
3330	0	0	12.20
3331	0	0	12.13
3332	0	0	12.22
3333	0	0	12.17
3334	0	0	11.90
3335	0	0	11.69
3336	0	0	11.57
3337	0	0	11.63
3338	0	0	11.90
3339	0	0	11.91
3340	0	0	11.91
3341	0	0	11.94
3342	0	0	11.96
3343	0	0	11.97
3344	0	0	11.93
3345	0	0	11.96
3346	0	0	11.93
3347	0	0	11.92
3348	0	0	11.74
3349	0	0	11.53
3350	0	0	11.43
3351	0	0	11.40
3352	0	0	11.53
3353	0	0	11.55
3354	0	0	11.57
3355	0	0	11.55
3356	0	0	11.73
3357	0	0	11.91
3358	0	0	11.71
3359	0	0	11.64
3360	0	0	11.58
3361	0	0	11.64
3362	0	0	11.75
3363	0	0	11.57
3364	0	0	11.65
3365	0	0	11.98
3366	0	0	12.01
3367	0	0	11.99
3368	0	0	11.98
3369	0	0	11.71
3370	0	0	11.49
3371	0	0	11.39
3372	0	0	11.31
3373	0	0	11.49
3374	0	0	14.02
3375	0	0	16.20
3376	0	0	16.02
3377	0	0	15.06
3378	0	0	12.92
3379	0	0	12.25
3380	0	0	12.04
3381	0	0	11.91
3382	0	0	11.80
3383	0	0	11.72
3384	0	0	11.63
3385	0	0	11.69
3386	0	0	11.81
3387	0	0	11.79
3388	0	0	11.71
3389	0	0	11.64
3390	0	0	11.61
3391	0	0	11.58
3392	0	0	11.57
3393	0	0	11.55
3394	0	0	11.54
3395	0	0	11.53
3396	0	0	11.52
3397	0	0	11.51
3398	0	0	11.51
3399	0	0	11.49
3400	0	0	11.42
3401	0	0	11.40
3402	0	0	11.38
3403	0	0	11.39
3404	0	0	11.39
3405	0	0	11.39
3406	0	0	11.38
3407	0	0	11.33
3408	0	0	11.36
3409	0	0	11.56
3410	0	0	11.59
3411	0	0	11.50
3412	0	0	11.43
3413	0	0	11.53
3414	0	0	11.78
3415	0	0	11.61
3416	0	0	11.55
3417	0	0	11.49
3418	0	0	11.44
3419	0	0	11.41
3420	0	0	11.39
3421	0	0	11.38
3422	0	0	11.37
3423	0	0	11.36
3424	0	0	11.82
3425	0	0	11.90
3426	0	0	11.86
3427	0	0	11.66
3428	0	0	11.45
3429	0	0	11.35
3430	0	0	11.36
3431	0	0	11.37
3432	0	0	11.34
3433	0	0	11.44
3434	0	0	11.42
3435	0	0	11.31
3436	0	0	11.27
3437	0	0	11.24
3438	0	0	11.23
3439	0	0	11.25
3440	0	0	11.38
3441	0	0	11.40
3442	0	0	11.34
3443	0	0	11.33
3444	0	0	11.29
3445	0	0	11.27
3446	0	0	11.25
3447	0	0	11.23
3448	0	0	11.22
3449	0	0	11.22
3450	0	0	11.26
3451	0	0	11.37
3452	0	0	11.34
3453	0	0	11.30
3454	0	0	11.26
3455	0	0	11.25
3456	0	0	11.25
3457	0	0	11.23
3458	0	0	11.22
3459	0	0	11.21
3460	0	0	11.20
3461	0	0	11.19
3462	0	0	11.19
3463	0	0	11.18
3464	0	0	11.21
3465	0	0	11.22
3466	0	0	11.21
3467	0	0	11.20
3468	0	0	11.19
3469	0	0	11.18
3470	0	0	11.18
3471	0	0	11.19
3472	0	0	11.24
3473	0	0	11.32
3474	0	0	11.33
3475	0	0	11.35
3476	0	0	11.39
3477	0	0	11.40
3478	0	0	11.46
3479	0	0	11.50
3480	0	0	11.42
3481	0	0	11.34
3482	0	0	11.29
3483	0	0	11.27
3484	0	0	11.25
3485	0	0	11.25
3486	0	0	11.47
3487	0	0	11.45
3488	0	0	11.81
3489	0	0	12.43
3490	0	0	12.97
3491	0	0	12.31
3492	0	0	12.02
3493	0	0	11.79
3494	0	0	11.65
3495	0	0	11.59
3496	0	0	11.54
3497	0	0	11.52
3498	0	0	11.48
3499	0	0	11.46
3500	0	0	11.46
3501	0	0	11.44
3502	0	0	11.42
3503	0	0	11.42
3504	0	0	11.41
3505	0	0	11.39
3506	0	0	11.39
3507	0	0	11.39
3508	0	0	11.35
3509	0	0	11.33
3510	0	0	11.30
3511	0	0	11.28
3512	0	0	11.27
3513	0	0	11.28
3514	0	0	11.29
3515	0	0	11.28
3516	0	0	11.28
3517	0	0	11.27
3518	0	0	11.28
3519	0	0	11.28
3520	0	0	11.30
3521	0	0	11.28
3522	0	0	11.28
3523	0	0	11.28
3524	0	0	11.28
3525	0	0	11.29
3526	0	0	11.28
3527	0	0	11.28
3528	0	0	11.29
3529	0	0	11.27
3530	0	0	11.26
3531	0	0	11.26
3532	0	0	11.26
3533	0	0	11.25
3534	0	0	11.25
3535	0	0	11.25
3536	0	0	11.25
3537	0	0	11.23
3538	0	0	11.23
3539	0	0	11.25
3540	0	0	11.25
3541	0	0	11.24
3542	0	0	11.24
3543	0	0	11.27
3544	0	0	11.35
3545	0	0	11.36
3546	0	0	11.36
3547	0	0	11.36
3548	0	0	11.37
3549	0	0	11.36
3550	0	0	11.29
3551	0	0	11.26
3552	0	0	11.29
3553	0	0	11.49
3554	0	0	11.52
3555	0	0	11.87
3556	0	0	12.17
3557	0	0	12.17
3558	0	0	12.10
3559	0	0	12.06
3560	0	0	12.19
3561	0	0	12.10
3562	0	0	12.24
3563	0	0	12.66
3564	0	0	12.33
3565	0	0	12.12
3566	0	0	11.86
3567	0	0	12.28
3568	0	0	12.63
3569	0	0	12.54
3570	0	0	12.13
3571	0	0	11.74
3572	0	0	11.58
3573	0	0	11.51
3574	0	0	11.53
3575	0	0	12.14
3576	0	0	11.75
3577	0	0	11.52
3578	0	0	11.76
3579	0	0	11.79
3580	0	0	11.71
3581	0	0	11.56
3582	0	0	11.44
3583	0	0	11.37
3584	0	0	11.33
3585	0	0	11.29
3586	0	0	11.28
3587	0	0	12.11
3588	0	0	15.95
3589	0	0	16.19
3590	0	0	14.37
3591	0	0	13.02
3592	0	0	12.55
3593	0	0	12.30
3594	0	0	12.20
3595	0	0	12.26
3596	0	0	12.11
3597	0	0	11.99
3598	0	0	12.10
3599	0	0	12.03
3600	0	0	11.93
3601	0	0	11.80
3602	0	0	11.73
3603	0	0	11.68
3604	0	0	11.67
3605	0	0	11.60
3606	0	0	11.54
3607	0	0	11.61
3608	0	0	11.52
3609	0	0	11.43
3610	0	0	11.39
3611	0	0	11.36
3612	0	0	11.35
3613	0	0	11.30
3614	0	0	11.28
3615	0	0	11.28
3616	0	0	11.27
3617	0	0	11.26
3618	0	0	11.24
3619	0	0	11.22
3620	0	0	11.21
3621	0	0	11.19
