TIME_UNITS d
DATA_UNITS m
0	0	0	14.15
1	0	0	14.15
2	0	0	14.15
3	0	0	14.15
4	0	0	14.15
5	0	0	14.15
6	0	0	14.15
7	0	0	14.15
8	0	0	14.15
9	0	0	14.15
10	0	0	14.15
11	0	0	14.15
12	0	0	14.15
13	0	0	14.15
14	0	0	14.15
15	0	0	14.15
16	0	0	14.15
17	0	0	14.15
18	0	0	14.15
19	0	0	14.15
20	0	0	14.15
21	0	0	14.15
22	0	0	14.15
23	0	0	14.15
24	0	0	14.15
25	0	0	14.15
26	0	0	14.15
27	0	0	14.15
28	0	0	14.15
29	0	0	14.15
30	0	0	13.88
31	0	0	13.88
32	0	0	13.88
33	0	0	13.88
34	0	0	13.88
35	0	0	13.88
36	0	0	13.88
37	0	0	13.88
38	0	0	13.88
39	0	0	13.88
40	0	0	13.88
41	0	0	13.88
42	0	0	13.88
43	0	0	13.88
44	0	0	13.88
45	0	0	13.88
46	0	0	13.88
47	0	0	13.88
48	0	0	13.88
49	0	0	13.88
50	0	0	13.88
51	0	0	13.88
52	0	0	13.88
53	0	0	13.88
54	0	0	13.88
55	0	0	13.88
56	0	0	13.88
57	0	0	13.88
58	0	0	13.88
59	0	0	13.88
60	0	0	13.88
61	0	0	13.47
62	0	0	13.47
63	0	0	13.47
64	0	0	13.47
65	0	0	13.47
66	0	0	13.47
67	0	0	13.47
68	0	0	13.47
69	0	0	13.47
70	0	0	13.47
71	0	0	13.47
72	0	0	13.47
73	0	0	13.47
74	0	0	13.47
75	0	0	13.47
76	0	0	13.47
77	0	0	13.47
78	0	0	13.47
79	0	0	13.47
80	0	0	13.47
81	0	0	13.47
82	0	0	13.47
83	0	0	13.47
84	0	0	13.47
85	0	0	13.47
86	0	0	13.47
87	0	0	13.47
88	0	0	13.47
89	0	0	13.47
90	0	0	13.47
91	0	0	13.47
92	0	0	13.27
93	0	0	13.27
94	0	0	13.27
95	0	0	13.27
96	0	0	13.27
97	0	0	13.27
98	0	0	13.27
99	0	0	13.27
100	0	0	13.27
101	0	0	13.27
102	0	0	13.27
103	0	0	13.27
104	0	0	13.27
105	0	0	13.27
106	0	0	13.27
107	0	0	13.27
108	0	0	13.27
109	0	0	13.27
110	0	0	13.27
111	0	0	13.27
112	0	0	13.27
113	0	0	13.27
114	0	0	13.27
115	0	0	13.27
116	0	0	13.27
117	0	0	13.27
118	0	0	13.27
119	0	0	13.27
120	0	0	13.27
121	0	0	13.27
122	0	0	13.27
123	0	0	13.27
124	0	0	13.27
125	0	0	13.27
126	0	0	13.27
127	0	0	13.27
128	0	0	13.27
129	0	0	13.27
130	0	0	13.27
131	0	0	13.27
132	0	0	13.27
133	0	0	13.27
134	0	0	13.27
135	0	0	13.27
136	0	0	13.27
137	0	0	13.27
138	0	0	13.27
139	0	0	13.27
140	0	0	13.27
141	0	0	13.27
142	0	0	13.27
143	0	0	13.27
144	0	0	13.27
145	0	0	13.27
146	0	0	13.27
147	0	0	13.27
148	0	0	13.27
149	0	0	13.27
150	0	0	13.27
151	0	0	13.27
152	0	0	13.27
153	0	0	13.27
154	0	0	13.27
155	0	0	13.27
156	0	0	13.27
157	0	0	13.27
158	0	0	13.27
159	0	0	13.27
160	0	0	13.27
161	0	0	13.27
162	0	0	13.27
163	0	0	13.27
164	0	0	13.27
165	0	0	13.27
166	0	0	13.27
167	0	0	13.27
168	0	0	13.27
169	0	0	13.27
170	0	0	13.27
171	0	0	13.27
172	0	0	13.27
173	0	0	13.27
174	0	0	13.27
175	0	0	13.27
176	0	0	13.27
177	0	0	13.27
178	0	0	13.27
179	0	0	13.27
180	0	0	13.27
181	0	0	13.27
182	0	0	13.27
183	0	0	13.27
184	0	0	13.27
185	0	0	13.27
186	0	0	13.27
187	0	0	13.27
188	0	0	13.27
189	0	0	13.27
190	0	0	13.27
191	0	0	13.27
192	0	0	13.27
193	0	0	13.27
194	0	0	13.27
195	0	0	13.27
196	0	0	13.27
197	0	0	13.27
198	0	0	13.27
199	0	0	13.27
200	0	0	13.27
201	0	0	13.27
202	0	0	13.27
203	0	0	13.27
204	0	0	13.27
205	0	0	13.27
206	0	0	13.27
207	0	0	13.27
208	0	0	13.27
209	0	0	13.27
210	0	0	13.27
211	0	0	13.27
212	0	0	13.27
213	0	0	13.27
214	0	0	15.06
215	0	0	15.06
216	0	0	15.06
217	0	0	15.06
218	0	0	15.06
219	0	0	15.06
220	0	0	15.06
221	0	0	15.06
222	0	0	15.06
223	0	0	15.06
224	0	0	15.06
225	0	0	15.06
226	0	0	15.06
227	0	0	15.06
228	0	0	15.06
229	0	0	15.06
230	0	0	15.06
231	0	0	15.06
232	0	0	15.06
233	0	0	15.06
234	0	0	15.06
235	0	0	15.06
236	0	0	15.06
237	0	0	15.06
238	0	0	15.06
239	0	0	15.06
240	0	0	15.06
241	0	0	15.06
242	0	0	15.06
243	0	0	15.06
244	0	0	15.06
245	0	0	15.06
246	0	0	15.06
247	0	0	15.06
248	0	0	15.06
249	0	0	15.06
250	0	0	15.06
251	0	0	15.06
252	0	0	15.06
253	0	0	15.06
254	0	0	15.06
255	0	0	15.06
256	0	0	15.06
257	0	0	15.06
258	0	0	15.06
259	0	0	15.06
260	0	0	15.06
261	0	0	15.06
262	0	0	15.06
263	0	0	15.06
264	0	0	15.06
265	0	0	15.06
266	0	0	15.06
267	0	0	15.06
268	0	0	15.06
269	0	0	15.06
270	0	0	15.06
271	0	0	15.06
272	0	0	15.06
273	0	0	14.74
274	0	0	14.74
275	0	0	14.74
276	0	0	14.74
277	0	0	14.74
278	0	0	14.74
279	0	0	14.74
280	0	0	14.74
281	0	0	14.74
282	0	0	14.74
283	0	0	14.74
284	0	0	14.74
285	0	0	14.74
286	0	0	14.74
287	0	0	14.74
288	0	0	14.74
289	0	0	14.74
290	0	0	14.74
291	0	0	14.74
292	0	0	14.74
293	0	0	14.74
294	0	0	14.74
295	0	0	14.74
296	0	0	14.74
297	0	0	14.74
298	0	0	14.74
299	0	0	14.74
300	0	0	14.74
301	0	0	14.74
302	0	0	14.74
303	0	0	14.74
304	0	0	14.75
305	0	0	14.75
306	0	0	14.75
307	0	0	14.75
308	0	0	14.75
309	0	0	14.75
310	0	0	14.75
311	0	0	14.75
312	0	0	14.75
313	0	0	14.75
314	0	0	14.75
315	0	0	14.75
316	0	0	14.75
317	0	0	14.75
318	0	0	14.75
319	0	0	14.75
320	0	0	14.75
321	0	0	14.75
322	0	0	14.75
323	0	0	14.75
324	0	0	14.75
325	0	0	14.75
326	0	0	14.75
327	0	0	14.75
328	0	0	14.75
329	0	0	14.75
330	0	0	14.75
331	0	0	14.75
332	0	0	14.75
333	0	0	14.75
334	0	0	14.75
335	0	0	14.75
336	0	0	14.75
337	0	0	14.75
338	0	0	14.75
339	0	0	14.75
340	0	0	14.75
341	0	0	14.75
342	0	0	14.75
343	0	0	14.75
344	0	0	14.75
345	0	0	14.75
346	0	0	14.75
347	0	0	14.75
348	0	0	14.75
349	0	0	14.75
350	0	0	14.75
351	0	0	14.75
352	0	0	14.75
353	0	0	14.75
354	0	0	14.75
355	0	0	14.75
356	0	0	14.75
357	0	0	14.75
358	0	0	14.75
359	0	0	14.75
360	0	0	14.75
361	0	0	14.75
362	0	0	14.75
363	0	0	14.75
364	0	0	14.75
365	0	0	14.15
366	0	0	14.15
367	0	0	14.15
368	0	0	14.15
369	0	0	14.15
370	0	0	14.15
371	0	0	14.15
372	0	0	14.15
373	0	0	14.15
374	0	0	14.15
375	0	0	14.15
376	0	0	14.15
377	0	0	14.15
378	0	0	14.15
379	0	0	14.15
380	0	0	14.15
381	0	0	14.15
382	0	0	14.15
383	0	0	14.15
384	0	0	14.15
385	0	0	14.15
386	0	0	14.15
387	0	0	14.15
388	0	0	14.15
389	0	0	14.15
390	0	0	14.15
391	0	0	14.15
392	0	0	14.15
393	0	0	14.15
394	0	0	14.15
395	0	0	13.88
396	0	0	13.88
397	0	0	13.88
398	0	0	13.88
399	0	0	13.88
400	0	0	13.88
401	0	0	13.88
402	0	0	13.88
403	0	0	13.88
404	0	0	13.88
405	0	0	13.88
406	0	0	13.88
407	0	0	13.88
408	0	0	13.88
409	0	0	13.88
410	0	0	13.88
411	0	0	13.88
412	0	0	13.88
413	0	0	13.88
414	0	0	13.88
415	0	0	13.88
416	0	0	13.88
417	0	0	13.88
418	0	0	13.88
419	0	0	13.88
420	0	0	13.88
421	0	0	13.88
422	0	0	13.88
423	0	0	13.88
424	0	0	13.88
425	0	0	13.88
426	0	0	13.47
427	0	0	13.47
428	0	0	13.47
429	0	0	13.47
430	0	0	13.47
431	0	0	13.47
432	0	0	13.47
433	0	0	13.47
434	0	0	13.47
435	0	0	13.47
436	0	0	13.47
437	0	0	13.47
438	0	0	13.47
439	0	0	13.47
440	0	0	13.47
441	0	0	13.47
442	0	0	13.47
443	0	0	13.47
444	0	0	13.47
445	0	0	13.47
446	0	0	13.47
447	0	0	13.47
448	0	0	13.47
449	0	0	13.47
450	0	0	13.47
451	0	0	13.47
452	0	0	13.47
453	0	0	13.47
454	0	0	13.47
455	0	0	13.47
456	0	0	13.47
457	0	0	13.27
458	0	0	13.27
459	0	0	13.27
460	0	0	13.27
461	0	0	13.27
462	0	0	13.27
463	0	0	13.27
464	0	0	13.27
465	0	0	13.27
466	0	0	13.27
467	0	0	13.27
468	0	0	13.27
469	0	0	13.27
470	0	0	13.27
471	0	0	13.27
472	0	0	13.27
473	0	0	13.27
474	0	0	13.27
475	0	0	13.27
476	0	0	13.27
477	0	0	13.27
478	0	0	13.27
479	0	0	13.27
480	0	0	13.27
481	0	0	13.27
482	0	0	13.27
483	0	0	13.27
484	0	0	13.27
485	0	0	13.27
486	0	0	13.27
487	0	0	13.27
488	0	0	13.27
489	0	0	13.27
490	0	0	13.27
491	0	0	13.27
492	0	0	13.27
493	0	0	13.27
494	0	0	13.27
495	0	0	13.27
496	0	0	13.27
497	0	0	13.27
498	0	0	13.27
499	0	0	13.27
500	0	0	13.27
501	0	0	13.27
502	0	0	13.27
503	0	0	13.27
504	0	0	13.27
505	0	0	13.27
506	0	0	13.27
507	0	0	13.27
508	0	0	13.27
509	0	0	13.27
510	0	0	13.27
511	0	0	13.27
512	0	0	13.27
513	0	0	13.27
514	0	0	13.27
515	0	0	13.27
516	0	0	13.27
517	0	0	13.27
518	0	0	13.27
519	0	0	13.27
520	0	0	13.27
521	0	0	13.27
522	0	0	13.27
523	0	0	13.27
524	0	0	13.27
525	0	0	13.27
526	0	0	13.27
527	0	0	13.27
528	0	0	13.27
529	0	0	13.27
530	0	0	13.27
531	0	0	13.27
532	0	0	13.27
533	0	0	13.27
534	0	0	13.27
535	0	0	13.27
536	0	0	13.27
537	0	0	13.27
538	0	0	13.27
539	0	0	13.27
540	0	0	13.27
541	0	0	13.27
542	0	0	13.27
543	0	0	13.27
544	0	0	13.27
545	0	0	13.27
546	0	0	13.27
547	0	0	13.27
548	0	0	13.27
549	0	0	13.27
550	0	0	13.27
551	0	0	13.27
552	0	0	13.27
553	0	0	13.27
554	0	0	13.27
555	0	0	13.27
556	0	0	13.27
557	0	0	13.27
558	0	0	13.27
559	0	0	13.27
560	0	0	13.27
561	0	0	13.27
562	0	0	13.27
563	0	0	13.27
564	0	0	13.27
565	0	0	13.27
566	0	0	13.27
567	0	0	13.27
568	0	0	13.27
569	0	0	13.27
570	0	0	13.27
571	0	0	13.27
572	0	0	13.27
573	0	0	13.27
574	0	0	13.27
575	0	0	13.27
576	0	0	13.27
577	0	0	13.27
578	0	0	13.27
579	0	0	15.06
580	0	0	15.06
581	0	0	15.06
582	0	0	15.06
583	0	0	15.06
584	0	0	15.06
585	0	0	15.06
586	0	0	15.06
587	0	0	15.06
588	0	0	15.06
589	0	0	15.06
590	0	0	15.06
591	0	0	15.06
592	0	0	15.06
593	0	0	15.06
594	0	0	15.06
595	0	0	15.06
596	0	0	15.06
597	0	0	15.06
598	0	0	15.06
599	0	0	15.06
600	0	0	15.06
601	0	0	15.06
602	0	0	15.06
603	0	0	15.06
604	0	0	15.06
605	0	0	15.06
606	0	0	15.06
607	0	0	15.06
608	0	0	15.06
609	0	0	15.06
610	0	0	15.06
611	0	0	15.06
612	0	0	15.06
613	0	0	15.06
614	0	0	15.06
615	0	0	15.06
616	0	0	15.06
617	0	0	15.06
618	0	0	15.06
619	0	0	15.06
620	0	0	15.06
621	0	0	15.06
622	0	0	15.06
623	0	0	15.06
624	0	0	15.06
625	0	0	15.06
626	0	0	15.06
627	0	0	15.06
628	0	0	15.06
629	0	0	15.06
630	0	0	15.06
631	0	0	15.06
632	0	0	15.06
633	0	0	15.06
634	0	0	15.06
635	0	0	15.06
636	0	0	15.06
637	0	0	15.06
638	0	0	14.74
639	0	0	14.74
640	0	0	14.74
641	0	0	14.74
642	0	0	14.74
643	0	0	14.74
644	0	0	14.74
645	0	0	14.74
646	0	0	14.74
647	0	0	14.74
648	0	0	14.74
649	0	0	14.74
650	0	0	14.74
651	0	0	14.74
652	0	0	14.74
653	0	0	14.74
654	0	0	14.74
655	0	0	14.74
656	0	0	14.74
657	0	0	14.74
658	0	0	14.74
659	0	0	14.74
660	0	0	14.74
661	0	0	14.74
662	0	0	14.74
663	0	0	14.74
664	0	0	14.74
665	0	0	14.74
666	0	0	14.74
667	0	0	14.74
668	0	0	14.74
669	0	0	14.75
670	0	0	14.75
671	0	0	14.75
672	0	0	14.75
673	0	0	14.75
674	0	0	14.75
675	0	0	14.75
676	0	0	14.75
677	0	0	14.75
678	0	0	14.75
679	0	0	14.75
680	0	0	14.75
681	0	0	14.75
682	0	0	14.75
683	0	0	14.75
684	0	0	14.75
685	0	0	14.75
686	0	0	14.75
687	0	0	14.75
688	0	0	14.75
689	0	0	14.75
690	0	0	14.75
691	0	0	14.75
692	0	0	14.75
693	0	0	14.75
694	0	0	14.75
695	0	0	14.75
696	0	0	14.75
697	0	0	14.75
698	0	0	14.75
699	0	0	14.75
700	0	0	14.75
701	0	0	14.75
702	0	0	14.75
703	0	0	14.75
704	0	0	14.75
705	0	0	14.75
706	0	0	14.75
707	0	0	14.75
708	0	0	14.75
709	0	0	14.75
710	0	0	14.75
711	0	0	14.75
712	0	0	14.75
713	0	0	14.75
714	0	0	14.75
715	0	0	14.75
716	0	0	14.75
717	0	0	14.75
718	0	0	14.75
719	0	0	14.75
720	0	0	14.75
721	0	0	14.75
722	0	0	14.75
723	0	0	14.75
724	0	0	14.75
725	0	0	14.75
726	0	0	14.75
727	0	0	14.75
728	0	0	14.75
729	0	0	14.75
730	0	0	14.15
731	0	0	14.15
732	0	0	14.15
733	0	0	14.15
734	0	0	14.15
735	0	0	14.15
736	0	0	14.15
737	0	0	14.15
738	0	0	14.15
739	0	0	14.15
740	0	0	14.15
741	0	0	14.15
742	0	0	14.15
743	0	0	14.15
744	0	0	14.15
745	0	0	14.15
746	0	0	14.15
747	0	0	14.15
748	0	0	14.15
749	0	0	14.15
750	0	0	14.15
751	0	0	14.15
752	0	0	14.15
753	0	0	14.15
754	0	0	14.15
755	0	0	14.15
756	0	0	14.15
757	0	0	14.15
758	0	0	14.15
759	0	0	14.15
760	0	0	13.88
761	0	0	13.88
762	0	0	13.88
763	0	0	13.88
764	0	0	13.88
765	0	0	13.88
766	0	0	13.88
767	0	0	13.88
768	0	0	13.88
769	0	0	13.88
770	0	0	13.88
771	0	0	13.88
772	0	0	13.88
773	0	0	13.88
774	0	0	13.88
775	0	0	13.88
776	0	0	13.88
777	0	0	13.88
778	0	0	13.88
779	0	0	13.88
780	0	0	13.88
781	0	0	13.88
782	0	0	13.88
783	0	0	13.88
784	0	0	13.88
785	0	0	13.88
786	0	0	13.88
787	0	0	13.88
788	0	0	13.88
789	0	0	13.88
790	0	0	13.88
791	0	0	13.47
792	0	0	13.47
793	0	0	13.47
794	0	0	13.47
795	0	0	13.47
796	0	0	13.47
797	0	0	13.47
798	0	0	13.47
799	0	0	13.47
800	0	0	13.47
801	0	0	13.47
802	0	0	13.47
803	0	0	13.47
804	0	0	13.47
805	0	0	13.47
806	0	0	13.47
807	0	0	13.47
808	0	0	13.47
809	0	0	13.47
810	0	0	13.47
811	0	0	13.47
812	0	0	13.47
813	0	0	13.47
814	0	0	13.47
815	0	0	13.47
816	0	0	13.47
817	0	0	13.47
818	0	0	13.47
819	0	0	13.47
820	0	0	13.47
821	0	0	13.47
822	0	0	13.27
823	0	0	13.27
824	0	0	13.27
825	0	0	13.27
826	0	0	13.27
827	0	0	13.27
828	0	0	13.27
829	0	0	13.27
830	0	0	13.27
831	0	0	13.27
832	0	0	13.27
833	0	0	13.27
834	0	0	13.27
835	0	0	13.27
836	0	0	13.27
837	0	0	13.27
838	0	0	13.27
839	0	0	13.27
840	0	0	13.27
841	0	0	13.27
842	0	0	13.27
843	0	0	13.27
844	0	0	13.27
845	0	0	13.27
846	0	0	13.27
847	0	0	13.27
848	0	0	13.27
849	0	0	13.27
850	0	0	13.27
851	0	0	13.27
852	0	0	13.27
853	0	0	13.27
854	0	0	13.27
855	0	0	13.27
856	0	0	13.27
857	0	0	13.27
858	0	0	13.27
859	0	0	13.27
860	0	0	13.27
861	0	0	13.27
862	0	0	13.27
863	0	0	13.27
864	0	0	13.27
865	0	0	13.27
866	0	0	13.27
867	0	0	13.27
868	0	0	13.27
869	0	0	13.27
870	0	0	13.27
871	0	0	13.27
872	0	0	13.27
873	0	0	13.27
874	0	0	13.27
875	0	0	13.27
876	0	0	13.27
877	0	0	13.27
878	0	0	13.27
879	0	0	13.27
880	0	0	13.27
881	0	0	13.27
882	0	0	13.27
883	0	0	13.27
884	0	0	13.27
885	0	0	13.27
886	0	0	13.27
887	0	0	13.27
888	0	0	13.27
889	0	0	13.27
890	0	0	13.27
891	0	0	13.27
892	0	0	13.27
893	0	0	13.27
894	0	0	13.27
895	0	0	13.27
896	0	0	13.27
897	0	0	13.27
898	0	0	13.27
899	0	0	13.27
900	0	0	13.27
901	0	0	13.27
902	0	0	13.27
903	0	0	13.27
904	0	0	13.27
905	0	0	13.27
906	0	0	13.27
907	0	0	13.27
908	0	0	13.27
909	0	0	13.27
910	0	0	13.27
911	0	0	13.27
912	0	0	13.27
913	0	0	13.27
914	0	0	13.27
915	0	0	13.27
916	0	0	13.27
917	0	0	13.27
918	0	0	13.27
919	0	0	13.27
920	0	0	13.27
921	0	0	13.27
922	0	0	13.27
923	0	0	13.27
924	0	0	13.27
925	0	0	13.27
926	0	0	13.27
927	0	0	13.27
928	0	0	13.27
929	0	0	13.27
930	0	0	13.27
931	0	0	13.27
932	0	0	13.27
933	0	0	13.27
934	0	0	13.27
935	0	0	13.27
936	0	0	13.27
937	0	0	13.27
938	0	0	13.27
939	0	0	13.27
940	0	0	13.27
941	0	0	13.27
942	0	0	13.27
943	0	0	13.27
944	0	0	15.06
945	0	0	15.06
946	0	0	15.06
947	0	0	15.06
948	0	0	15.06
949	0	0	15.06
950	0	0	15.06
951	0	0	15.06
952	0	0	15.06
953	0	0	15.06
954	0	0	15.06
955	0	0	15.06
956	0	0	15.06
957	0	0	15.06
958	0	0	15.06
959	0	0	15.06
960	0	0	15.06
961	0	0	15.06
962	0	0	15.06
963	0	0	15.06
964	0	0	15.06
965	0	0	15.06
966	0	0	15.06
967	0	0	15.06
968	0	0	15.06
969	0	0	15.06
970	0	0	15.06
971	0	0	15.06
972	0	0	15.06
973	0	0	15.06
974	0	0	15.06
975	0	0	15.06
976	0	0	15.06
977	0	0	15.06
978	0	0	15.06
979	0	0	15.06
980	0	0	15.06
981	0	0	15.06
982	0	0	15.06
983	0	0	15.06
984	0	0	15.06
985	0	0	15.06
986	0	0	15.06
987	0	0	15.06
988	0	0	15.06
989	0	0	15.06
990	0	0	15.06
991	0	0	15.06
992	0	0	15.06
993	0	0	15.06
994	0	0	15.06
995	0	0	15.06
996	0	0	15.06
997	0	0	15.06
998	0	0	15.06
999	0	0	15.06
1000	0	0	15.06
1001	0	0	15.06
1002	0	0	15.06
1003	0	0	14.74
1004	0	0	14.74
1005	0	0	14.74
1006	0	0	14.74
1007	0	0	14.74
1008	0	0	14.74
1009	0	0	14.74
1010	0	0	14.74
1011	0	0	14.74
1012	0	0	14.74
1013	0	0	14.74
1014	0	0	14.74
1015	0	0	14.74
1016	0	0	14.74
1017	0	0	14.74
1018	0	0	14.74
1019	0	0	14.74
1020	0	0	14.74
1021	0	0	14.74
1022	0	0	14.74
1023	0	0	14.74
1024	0	0	14.74
1025	0	0	14.74
1026	0	0	14.74
1027	0	0	14.74
1028	0	0	14.74
1029	0	0	14.74
1030	0	0	14.74
1031	0	0	14.74
1032	0	0	14.74
1033	0	0	14.74
1034	0	0	14.75
1035	0	0	14.75
1036	0	0	14.75
1037	0	0	14.75
1038	0	0	14.75
1039	0	0	14.75
1040	0	0	14.75
1041	0	0	14.75
1042	0	0	14.75
1043	0	0	14.75
1044	0	0	14.75
1045	0	0	14.75
1046	0	0	14.75
1047	0	0	14.75
1048	0	0	14.75
1049	0	0	14.75
1050	0	0	14.75
1051	0	0	14.75
1052	0	0	14.75
1053	0	0	14.75
1054	0	0	14.75
1055	0	0	14.75
1056	0	0	14.75
1057	0	0	14.75
1058	0	0	14.75
1059	0	0	14.75
1060	0	0	14.75
1061	0	0	14.75
1062	0	0	14.75
1063	0	0	14.75
1064	0	0	14.75
1065	0	0	14.75
1066	0	0	14.75
1067	0	0	14.75
1068	0	0	14.75
1069	0	0	14.75
1070	0	0	14.75
1071	0	0	14.75
1072	0	0	14.75
1073	0	0	14.75
1074	0	0	14.75
1075	0	0	14.75
1076	0	0	14.75
1077	0	0	14.75
1078	0	0	14.75
1079	0	0	14.75
1080	0	0	14.75
1081	0	0	14.75
1082	0	0	14.75
1083	0	0	14.75
1084	0	0	14.75
1085	0	0	14.75
1086	0	0	14.75
1087	0	0	14.75
1088	0	0	14.75
1089	0	0	14.75
1090	0	0	14.75
1091	0	0	14.75
1092	0	0	14.75
1093	0	0	14.75
1094	0	0	14.75
1095	0	0	14.15
1096	0	0	14.15
1097	0	0	14.15
1098	0	0	14.15
1099	0	0	14.15
1100	0	0	14.15
1101	0	0	14.15
1102	0	0	14.15
1103	0	0	14.15
1104	0	0	14.15
1105	0	0	14.15
1106	0	0	14.15
1107	0	0	14.15
1108	0	0	14.15
1109	0	0	14.15
1110	0	0	14.15
1111	0	0	14.15
1112	0	0	14.15
1113	0	0	14.15
1114	0	0	14.15
1115	0	0	14.15
1116	0	0	14.15
1117	0	0	14.15
1118	0	0	14.15
1119	0	0	14.15
1120	0	0	14.15
1121	0	0	14.15
1122	0	0	14.15
1123	0	0	14.15
1124	0	0	14.15
1125	0	0	13.88
1126	0	0	13.88
1127	0	0	13.88
1128	0	0	13.88
1129	0	0	13.88
1130	0	0	13.88
1131	0	0	13.88
1132	0	0	13.88
1133	0	0	13.88
1134	0	0	13.88
1135	0	0	13.88
1136	0	0	13.88
1137	0	0	13.88
1138	0	0	13.88
1139	0	0	13.88
1140	0	0	13.88
1141	0	0	13.88
1142	0	0	13.88
1143	0	0	13.88
1144	0	0	13.88
1145	0	0	13.88
1146	0	0	13.88
1147	0	0	13.88
1148	0	0	13.88
1149	0	0	13.88
1150	0	0	13.88
1151	0	0	13.88
1152	0	0	13.88
1153	0	0	13.88
1154	0	0	13.88
1155	0	0	13.88
1156	0	0	13.47
1157	0	0	13.47
1158	0	0	13.47
1159	0	0	13.47
1160	0	0	13.47
1161	0	0	13.47
1162	0	0	13.47
1163	0	0	13.47
1164	0	0	13.47
1165	0	0	13.47
1166	0	0	13.47
1167	0	0	13.47
1168	0	0	13.47
1169	0	0	13.47
1170	0	0	13.47
1171	0	0	13.47
1172	0	0	13.47
1173	0	0	13.47
1174	0	0	13.47
1175	0	0	13.47
1176	0	0	13.47
1177	0	0	13.47
1178	0	0	13.47
1179	0	0	13.47
1180	0	0	13.47
1181	0	0	13.47
1182	0	0	13.47
1183	0	0	13.47
1184	0	0	13.47
1185	0	0	13.47
1186	0	0	13.47
1187	0	0	13.27
1188	0	0	13.27
1189	0	0	13.27
1190	0	0	13.27
1191	0	0	13.27
1192	0	0	13.27
1193	0	0	13.27
1194	0	0	13.27
1195	0	0	13.27
1196	0	0	13.27
1197	0	0	13.27
1198	0	0	13.27
1199	0	0	13.27
1200	0	0	13.27
1201	0	0	13.27
1202	0	0	13.27
1203	0	0	13.27
1204	0	0	13.27
1205	0	0	13.27
1206	0	0	13.27
1207	0	0	13.27
1208	0	0	13.27
1209	0	0	13.27
1210	0	0	13.27
1211	0	0	13.27
1212	0	0	13.27
1213	0	0	13.27
1214	0	0	13.27
1215	0	0	13.27
1216	0	0	13.27
1217	0	0	13.27
1218	0	0	13.27
1219	0	0	13.27
1220	0	0	13.27
1221	0	0	13.27
1222	0	0	13.27
1223	0	0	13.27
1224	0	0	13.27
1225	0	0	13.27
1226	0	0	13.27
1227	0	0	13.27
1228	0	0	13.27
1229	0	0	13.27
1230	0	0	13.27
1231	0	0	13.27
1232	0	0	13.27
1233	0	0	13.27
1234	0	0	13.27
1235	0	0	13.27
1236	0	0	13.27
1237	0	0	13.27
1238	0	0	13.27
1239	0	0	13.27
1240	0	0	13.27
1241	0	0	13.27
1242	0	0	13.27
1243	0	0	13.27
1244	0	0	13.27
1245	0	0	13.27
1246	0	0	13.27
1247	0	0	13.27
1248	0	0	13.27
1249	0	0	13.27
1250	0	0	13.27
1251	0	0	13.27
1252	0	0	13.27
1253	0	0	13.27
1254	0	0	13.27
1255	0	0	13.27
1256	0	0	13.27
1257	0	0	13.27
1258	0	0	13.27
1259	0	0	13.27
1260	0	0	13.27
1261	0	0	13.27
1262	0	0	13.27
1263	0	0	13.27
1264	0	0	13.27
1265	0	0	13.27
1266	0	0	13.27
1267	0	0	13.27
1268	0	0	13.27
1269	0	0	13.27
1270	0	0	13.27
1271	0	0	13.27
1272	0	0	13.27
1273	0	0	13.27
1274	0	0	13.27
1275	0	0	13.27
1276	0	0	13.27
1277	0	0	13.27
1278	0	0	13.27
1279	0	0	13.27
1280	0	0	13.27
1281	0	0	13.27
1282	0	0	13.27
1283	0	0	13.27
1284	0	0	13.27
1285	0	0	13.27
1286	0	0	13.27
1287	0	0	13.27
1288	0	0	13.27
1289	0	0	13.27
1290	0	0	13.27
1291	0	0	13.27
1292	0	0	13.27
1293	0	0	13.27
1294	0	0	13.27
1295	0	0	13.27
1296	0	0	13.27
1297	0	0	13.27
1298	0	0	13.27
1299	0	0	13.27
1300	0	0	13.27
1301	0	0	13.27
1302	0	0	13.27
1303	0	0	13.27
1304	0	0	13.27
1305	0	0	13.27
1306	0	0	13.27
1307	0	0	13.27
1308	0	0	13.27
1309	0	0	15.06
1310	0	0	15.06
1311	0	0	15.06
1312	0	0	15.06
1313	0	0	15.06
1314	0	0	15.06
1315	0	0	15.06
1316	0	0	15.06
1317	0	0	15.06
1318	0	0	15.06
1319	0	0	15.06
1320	0	0	15.06
1321	0	0	15.06
1322	0	0	15.06
1323	0	0	15.06
1324	0	0	15.06
1325	0	0	15.06
1326	0	0	15.06
1327	0	0	15.06
1328	0	0	15.06
1329	0	0	15.06
1330	0	0	15.06
1331	0	0	15.06
1332	0	0	15.06
1333	0	0	15.06
1334	0	0	15.06
1335	0	0	15.06
1336	0	0	15.06
1337	0	0	15.06
1338	0	0	15.06
1339	0	0	15.06
1340	0	0	15.06
1341	0	0	15.06
1342	0	0	15.06
1343	0	0	15.06
1344	0	0	15.06
1345	0	0	15.06
1346	0	0	15.06
1347	0	0	15.06
1348	0	0	15.06
1349	0	0	15.06
1350	0	0	15.06
1351	0	0	15.06
1352	0	0	15.06
1353	0	0	15.06
1354	0	0	15.06
1355	0	0	15.06
1356	0	0	15.06
1357	0	0	15.06
1358	0	0	15.06
1359	0	0	15.06
1360	0	0	15.06
1361	0	0	15.06
1362	0	0	15.06
1363	0	0	15.06
1364	0	0	15.06
1365	0	0	15.06
1366	0	0	15.06
1367	0	0	15.06
1368	0	0	15.06
1369	0	0	14.74
1370	0	0	14.74
1371	0	0	14.74
1372	0	0	14.74
1373	0	0	14.74
1374	0	0	14.74
1375	0	0	14.74
1376	0	0	14.74
1377	0	0	14.74
1378	0	0	14.74
1379	0	0	14.74
1380	0	0	14.74
1381	0	0	14.74
1382	0	0	14.74
1383	0	0	14.74
1384	0	0	14.74
1385	0	0	14.74
1386	0	0	14.74
1387	0	0	14.74
1388	0	0	14.74
1389	0	0	14.74
1390	0	0	14.74
1391	0	0	14.74
1392	0	0	14.74
1393	0	0	14.74
1394	0	0	14.74
1395	0	0	14.74
1396	0	0	14.74
1397	0	0	14.74
1398	0	0	14.74
1399	0	0	14.74
1400	0	0	14.75
1401	0	0	14.75
1402	0	0	14.75
1403	0	0	14.75
1404	0	0	14.75
1405	0	0	14.75
1406	0	0	14.75
1407	0	0	14.75
1408	0	0	14.75
1409	0	0	14.75
1410	0	0	14.75
1411	0	0	14.75
1412	0	0	14.75
1413	0	0	14.75
1414	0	0	14.75
1415	0	0	14.75
1416	0	0	14.75
1417	0	0	14.75
1418	0	0	14.75
1419	0	0	14.75
1420	0	0	14.75
1421	0	0	14.75
1422	0	0	14.75
1423	0	0	14.75
1424	0	0	14.75
1425	0	0	14.75
1426	0	0	14.75
1427	0	0	14.75
1428	0	0	14.75
1429	0	0	14.75
1430	0	0	14.75
1431	0	0	14.75
1432	0	0	14.75
1433	0	0	14.75
1434	0	0	14.75
1435	0	0	14.75
1436	0	0	14.75
1437	0	0	14.75
1438	0	0	14.75
1439	0	0	14.75
1440	0	0	14.75
1441	0	0	14.75
1442	0	0	14.75
1443	0	0	14.75
1444	0	0	14.75
1445	0	0	14.75
1446	0	0	14.75
1447	0	0	14.75
1448	0	0	14.75
1449	0	0	14.75
1450	0	0	14.75
1451	0	0	14.75
1452	0	0	14.75
1453	0	0	14.75
1454	0	0	14.75
1455	0	0	14.75
1456	0	0	14.75
1457	0	0	14.75
1458	0	0	14.75
1459	0	0	14.75
1460	0	0	14.75
1461	0	0	14.15
1462	0	0	14.15
1463	0	0	14.15
1464	0	0	14.15
1465	0	0	14.15
1466	0	0	14.15
1467	0	0	14.15
1468	0	0	14.15
1469	0	0	14.15
1470	0	0	14.15
1471	0	0	14.15
1472	0	0	14.15
1473	0	0	14.15
1474	0	0	14.15
1475	0	0	14.15
1476	0	0	14.15
1477	0	0	14.15
1478	0	0	14.15
1479	0	0	14.15
1480	0	0	14.15
1481	0	0	14.15
1482	0	0	14.15
1483	0	0	14.15
1484	0	0	14.15
1485	0	0	14.15
1486	0	0	14.15
1487	0	0	14.15
1488	0	0	14.15
1489	0	0	14.15
1490	0	0	14.15
1491	0	0	13.88
1492	0	0	13.88
1493	0	0	13.88
1494	0	0	13.88
1495	0	0	13.88
1496	0	0	13.88
1497	0	0	13.88
1498	0	0	13.88
1499	0	0	13.88
1500	0	0	13.88
1501	0	0	13.88
1502	0	0	13.88
1503	0	0	13.88
1504	0	0	13.88
1505	0	0	13.88
1506	0	0	13.88
1507	0	0	13.88
1508	0	0	13.88
1509	0	0	13.88
1510	0	0	13.88
1511	0	0	13.88
1512	0	0	13.88
1513	0	0	13.88
1514	0	0	13.88
1515	0	0	13.88
1516	0	0	13.88
1517	0	0	13.88
1518	0	0	13.88
1519	0	0	13.88
1520	0	0	13.88
1521	0	0	13.88
1522	0	0	13.47
1523	0	0	13.47
1524	0	0	13.47
1525	0	0	13.47
1526	0	0	13.47
1527	0	0	13.47
1528	0	0	13.47
1529	0	0	13.47
1530	0	0	13.47
1531	0	0	13.47
1532	0	0	13.47
1533	0	0	13.47
1534	0	0	13.47
1535	0	0	13.47
1536	0	0	13.47
1537	0	0	13.47
1538	0	0	13.47
1539	0	0	13.47
1540	0	0	13.47
1541	0	0	13.47
1542	0	0	13.47
1543	0	0	13.47
1544	0	0	13.47
1545	0	0	13.47
1546	0	0	13.47
1547	0	0	13.47
1548	0	0	13.47
1549	0	0	13.47
1550	0	0	13.47
1551	0	0	13.47
1552	0	0	13.47
1553	0	0	13.27
1554	0	0	13.27
1555	0	0	13.27
1556	0	0	13.27
1557	0	0	13.27
1558	0	0	13.27
1559	0	0	13.27
1560	0	0	13.27
1561	0	0	13.27
1562	0	0	13.27
1563	0	0	13.27
1564	0	0	13.27
1565	0	0	13.27
1566	0	0	13.27
1567	0	0	13.27
1568	0	0	13.27
1569	0	0	13.27
1570	0	0	13.27
1571	0	0	13.27
1572	0	0	13.27
1573	0	0	13.27
1574	0	0	13.27
1575	0	0	13.27
1576	0	0	13.27
1577	0	0	13.27
1578	0	0	13.27
1579	0	0	13.27
1580	0	0	13.27
1581	0	0	13.27
1582	0	0	13.27
1583	0	0	13.27
1584	0	0	13.27
1585	0	0	13.27
1586	0	0	13.27
1587	0	0	13.27
1588	0	0	13.27
1589	0	0	13.27
1590	0	0	13.27
1591	0	0	13.27
1592	0	0	13.27
1593	0	0	13.27
1594	0	0	13.27
1595	0	0	13.27
1596	0	0	13.27
1597	0	0	13.27
1598	0	0	13.27
1599	0	0	13.27
1600	0	0	13.27
1601	0	0	13.27
1602	0	0	13.27
1603	0	0	13.27
1604	0	0	13.27
1605	0	0	13.27
1606	0	0	13.27
1607	0	0	13.27
1608	0	0	13.27
1609	0	0	13.27
1610	0	0	13.27
1611	0	0	13.27
1612	0	0	13.27
1613	0	0	13.27
1614	0	0	13.27
1615	0	0	13.27
1616	0	0	13.27
1617	0	0	13.27
1618	0	0	13.27
1619	0	0	13.27
1620	0	0	13.27
1621	0	0	13.27
1622	0	0	13.27
1623	0	0	13.27
1624	0	0	13.27
1625	0	0	13.27
1626	0	0	13.27
1627	0	0	13.27
1628	0	0	13.27
1629	0	0	13.27
1630	0	0	13.27
1631	0	0	13.27
1632	0	0	13.27
1633	0	0	13.27
1634	0	0	13.27
1635	0	0	13.27
1636	0	0	13.27
1637	0	0	13.27
1638	0	0	13.27
1639	0	0	13.27
1640	0	0	13.27
1641	0	0	13.27
1642	0	0	13.27
1643	0	0	13.27
1644	0	0	13.27
1645	0	0	13.27
1646	0	0	13.27
1647	0	0	13.27
1648	0	0	13.27
1649	0	0	13.27
1650	0	0	13.27
1651	0	0	13.27
1652	0	0	13.27
1653	0	0	13.27
1654	0	0	13.27
1655	0	0	13.27
1656	0	0	13.27
1657	0	0	13.27
1658	0	0	13.27
1659	0	0	13.27
1660	0	0	13.27
1661	0	0	13.27
1662	0	0	13.27
1663	0	0	13.27
1664	0	0	13.27
1665	0	0	13.27
1666	0	0	13.27
1667	0	0	13.27
1668	0	0	13.27
1669	0	0	13.27
1670	0	0	13.27
1671	0	0	13.27
1672	0	0	13.27
1673	0	0	13.27
1674	0	0	13.27
1675	0	0	15.06
1676	0	0	15.06
1677	0	0	15.06
1678	0	0	15.06
1679	0	0	15.06
1680	0	0	15.06
1681	0	0	15.06
1682	0	0	15.06
1683	0	0	15.06
1684	0	0	15.06
1685	0	0	15.06
1686	0	0	15.06
1687	0	0	15.06
1688	0	0	15.06
1689	0	0	15.06
1690	0	0	15.06
1691	0	0	15.06
1692	0	0	15.06
1693	0	0	15.06
1694	0	0	15.06
1695	0	0	15.06
1696	0	0	15.06
1697	0	0	15.06
1698	0	0	15.06
1699	0	0	15.06
1700	0	0	15.06
1701	0	0	15.06
1702	0	0	15.06
1703	0	0	15.06
1704	0	0	15.06
1705	0	0	15.06
1706	0	0	15.06
1707	0	0	15.06
1708	0	0	15.06
1709	0	0	15.06
1710	0	0	15.06
1711	0	0	15.06
1712	0	0	15.06
1713	0	0	15.06
1714	0	0	15.06
1715	0	0	15.06
1716	0	0	15.06
1717	0	0	15.06
1718	0	0	15.06
1719	0	0	15.06
1720	0	0	15.06
1721	0	0	15.06
1722	0	0	15.06
1723	0	0	15.06
1724	0	0	15.06
1725	0	0	15.06
1726	0	0	15.06
1727	0	0	15.06
1728	0	0	15.06
1729	0	0	15.06
1730	0	0	15.06
1731	0	0	15.06
1732	0	0	15.06
1733	0	0	15.06
1734	0	0	14.74
1735	0	0	14.74
1736	0	0	14.74
1737	0	0	14.74
1738	0	0	14.74
1739	0	0	14.74
1740	0	0	14.74
1741	0	0	14.74
1742	0	0	14.74
1743	0	0	14.74
1744	0	0	14.74
1745	0	0	14.74
1746	0	0	14.74
1747	0	0	14.74
1748	0	0	14.74
1749	0	0	14.74
1750	0	0	14.74
1751	0	0	14.74
1752	0	0	14.74
1753	0	0	14.74
1754	0	0	14.74
1755	0	0	14.74
1756	0	0	14.74
1757	0	0	14.74
1758	0	0	14.74
1759	0	0	14.74
1760	0	0	14.74
1761	0	0	14.74
1762	0	0	14.74
1763	0	0	14.74
1764	0	0	14.74
1765	0	0	14.75
1766	0	0	14.75
1767	0	0	14.75
1768	0	0	14.75
1769	0	0	14.75
1770	0	0	14.75
1771	0	0	14.75
1772	0	0	14.75
1773	0	0	14.75
1774	0	0	14.75
1775	0	0	14.75
1776	0	0	14.75
1777	0	0	14.75
1778	0	0	14.75
1779	0	0	14.75
1780	0	0	14.75
1781	0	0	14.75
1782	0	0	14.75
1783	0	0	14.75
1784	0	0	14.75
1785	0	0	14.75
1786	0	0	14.75
1787	0	0	14.75
1788	0	0	14.75
1789	0	0	14.75
1790	0	0	14.75
1791	0	0	14.75
1792	0	0	14.75
1793	0	0	14.75
1794	0	0	14.75
1795	0	0	14.75
1796	0	0	14.75
1797	0	0	14.75
1798	0	0	14.75
1799	0	0	14.75
1800	0	0	14.75
1801	0	0	14.75
1802	0	0	14.75
1803	0	0	14.75
1804	0	0	14.75
1805	0	0	14.75
1806	0	0	14.75
1807	0	0	14.75
1808	0	0	14.75
1809	0	0	14.75
1810	0	0	14.75
1811	0	0	14.75
1812	0	0	14.75
1813	0	0	14.75
1814	0	0	14.75
1815	0	0	14.75
1816	0	0	14.75
1817	0	0	14.75
1818	0	0	14.75
1819	0	0	14.75
1820	0	0	14.75
1821	0	0	14.75
1822	0	0	14.75
1823	0	0	14.75
1824	0	0	14.75
1825	0	0	14.75
1826	0	0	14.15
1827	0	0	14.15
1828	0	0	14.15
1829	0	0	14.15
1830	0	0	14.15
1831	0	0	14.15
1832	0	0	14.15
1833	0	0	14.15
1834	0	0	14.15
1835	0	0	14.15
1836	0	0	14.15
1837	0	0	14.15
1838	0	0	14.15
1839	0	0	14.15
1840	0	0	14.15
1841	0	0	14.15
1842	0	0	14.15
1843	0	0	14.15
1844	0	0	14.15
1845	0	0	14.15
1846	0	0	14.15
1847	0	0	14.15
1848	0	0	14.15
1849	0	0	14.15
1850	0	0	14.15
1851	0	0	14.15
1852	0	0	14.15
1853	0	0	14.15
1854	0	0	14.15
1855	0	0	14.15
1856	0	0	13.88
1857	0	0	13.88
1858	0	0	13.88
1859	0	0	13.88
1860	0	0	13.88
1861	0	0	13.88
1862	0	0	13.88
1863	0	0	13.88
1864	0	0	13.88
1865	0	0	13.88
1866	0	0	13.88
1867	0	0	13.88
1868	0	0	13.88
1869	0	0	13.88
1870	0	0	13.88
1871	0	0	13.88
1872	0	0	13.88
1873	0	0	13.88
1874	0	0	13.88
1875	0	0	13.88
1876	0	0	13.88
1877	0	0	13.88
1878	0	0	13.88
1879	0	0	13.88
1880	0	0	13.88
1881	0	0	13.88
1882	0	0	13.88
1883	0	0	13.88
1884	0	0	13.88
1885	0	0	13.88
1886	0	0	13.88
1887	0	0	13.47
1888	0	0	13.47
1889	0	0	13.47
1890	0	0	13.47
1891	0	0	13.47
1892	0	0	13.47
1893	0	0	13.47
1894	0	0	13.47
1895	0	0	13.47
1896	0	0	13.47
1897	0	0	13.47
1898	0	0	13.47
1899	0	0	13.47
1900	0	0	13.47
1901	0	0	13.47
1902	0	0	13.47
1903	0	0	13.47
1904	0	0	13.47
1905	0	0	13.47
1906	0	0	13.47
1907	0	0	13.47
1908	0	0	13.47
1909	0	0	13.47
1910	0	0	13.47
1911	0	0	13.47
1912	0	0	13.47
1913	0	0	13.47
1914	0	0	13.47
1915	0	0	13.47
1916	0	0	13.47
1917	0	0	13.47
1918	0	0	13.27
1919	0	0	13.27
1920	0	0	13.27
1921	0	0	13.27
1922	0	0	13.27
1923	0	0	13.27
1924	0	0	13.27
1925	0	0	13.27
1926	0	0	13.27
1927	0	0	13.27
1928	0	0	13.27
1929	0	0	13.27
1930	0	0	13.27
1931	0	0	13.27
1932	0	0	13.27
1933	0	0	13.27
1934	0	0	13.27
1935	0	0	13.27
1936	0	0	13.27
1937	0	0	13.27
1938	0	0	13.27
1939	0	0	13.27
1940	0	0	13.27
1941	0	0	13.27
1942	0	0	13.27
1943	0	0	13.27
1944	0	0	13.27
1945	0	0	13.27
1946	0	0	13.27
1947	0	0	13.27
1948	0	0	13.27
1949	0	0	13.27
1950	0	0	13.27
1951	0	0	13.27
1952	0	0	13.27
1953	0	0	13.27
1954	0	0	13.27
1955	0	0	13.27
1956	0	0	13.27
1957	0	0	13.27
1958	0	0	13.27
1959	0	0	13.27
1960	0	0	13.27
1961	0	0	13.27
1962	0	0	13.27
1963	0	0	13.27
1964	0	0	13.27
1965	0	0	13.27
1966	0	0	13.27
1967	0	0	13.27
1968	0	0	13.27
1969	0	0	13.27
1970	0	0	13.27
1971	0	0	13.27
1972	0	0	13.27
1973	0	0	13.27
1974	0	0	13.27
1975	0	0	13.27
1976	0	0	13.27
1977	0	0	13.27
1978	0	0	13.27
1979	0	0	13.27
1980	0	0	13.27
1981	0	0	13.27
1982	0	0	13.27
1983	0	0	13.27
1984	0	0	13.27
1985	0	0	13.27
1986	0	0	13.27
1987	0	0	13.27
1988	0	0	13.27
1989	0	0	13.27
1990	0	0	13.27
1991	0	0	13.27
1992	0	0	13.27
1993	0	0	13.27
1994	0	0	13.27
1995	0	0	13.27
1996	0	0	13.27
1997	0	0	13.27
1998	0	0	13.27
1999	0	0	13.27
2000	0	0	13.27
2001	0	0	13.27
2002	0	0	13.27
2003	0	0	13.27
2004	0	0	13.27
2005	0	0	13.27
2006	0	0	13.27
2007	0	0	13.27
2008	0	0	13.27
2009	0	0	13.27
2010	0	0	13.27
2011	0	0	13.27
2012	0	0	13.27
2013	0	0	13.27
2014	0	0	13.27
2015	0	0	13.27
2016	0	0	13.27
2017	0	0	13.27
2018	0	0	13.27
2019	0	0	13.27
2020	0	0	13.27
2021	0	0	13.27
2022	0	0	13.27
2023	0	0	13.27
2024	0	0	13.27
2025	0	0	13.27
2026	0	0	13.27
2027	0	0	13.27
2028	0	0	13.27
2029	0	0	13.27
2030	0	0	13.27
2031	0	0	13.27
2032	0	0	13.27
2033	0	0	13.27
2034	0	0	13.27
2035	0	0	13.27
2036	0	0	13.27
2037	0	0	13.27
2038	0	0	13.27
2039	0	0	13.27
2040	0	0	15.06
2041	0	0	15.06
2042	0	0	15.06
2043	0	0	15.06
2044	0	0	15.06
2045	0	0	15.06
2046	0	0	15.06
2047	0	0	15.06
2048	0	0	15.06
2049	0	0	15.06
2050	0	0	15.06
2051	0	0	15.06
2052	0	0	15.06
2053	0	0	15.06
2054	0	0	15.06
2055	0	0	15.06
2056	0	0	15.06
2057	0	0	15.06
2058	0	0	15.06
2059	0	0	15.06
2060	0	0	15.06
2061	0	0	15.06
2062	0	0	15.06
2063	0	0	15.06
2064	0	0	15.06
2065	0	0	15.06
2066	0	0	15.06
2067	0	0	15.06
2068	0	0	15.06
2069	0	0	15.06
2070	0	0	15.06
2071	0	0	15.06
2072	0	0	15.06
2073	0	0	15.06
2074	0	0	15.06
2075	0	0	15.06
2076	0	0	15.06
2077	0	0	15.06
2078	0	0	15.06
2079	0	0	15.06
2080	0	0	15.06
2081	0	0	15.06
2082	0	0	15.06
2083	0	0	15.06
2084	0	0	15.06
2085	0	0	15.06
2086	0	0	15.06
2087	0	0	15.06
2088	0	0	15.06
2089	0	0	15.06
2090	0	0	15.06
2091	0	0	15.06
2092	0	0	15.06
2093	0	0	15.06
2094	0	0	15.06
2095	0	0	15.06
2096	0	0	15.06
2097	0	0	15.06
2098	0	0	15.06
2099	0	0	14.74
2100	0	0	14.74
2101	0	0	14.74
2102	0	0	14.74
2103	0	0	14.74
2104	0	0	14.74
2105	0	0	14.74
2106	0	0	14.74
2107	0	0	14.74
2108	0	0	14.74
2109	0	0	14.74
2110	0	0	14.74
2111	0	0	14.74
2112	0	0	14.74
2113	0	0	14.74
2114	0	0	14.74
2115	0	0	14.74
2116	0	0	14.74
2117	0	0	14.74
2118	0	0	14.74
2119	0	0	14.74
2120	0	0	14.74
2121	0	0	14.74
2122	0	0	14.74
2123	0	0	14.74
2124	0	0	14.74
2125	0	0	14.74
2126	0	0	14.74
2127	0	0	14.74
2128	0	0	14.74
2129	0	0	14.74
2130	0	0	14.75
2131	0	0	14.75
2132	0	0	14.75
2133	0	0	14.75
2134	0	0	14.75
2135	0	0	14.75
2136	0	0	14.75
2137	0	0	14.75
2138	0	0	14.75
2139	0	0	14.75
2140	0	0	14.75
2141	0	0	14.75
2142	0	0	14.75
2143	0	0	14.75
2144	0	0	14.75
2145	0	0	14.75
2146	0	0	14.75
2147	0	0	14.75
2148	0	0	14.75
2149	0	0	14.75
2150	0	0	14.75
2151	0	0	14.75
2152	0	0	14.75
2153	0	0	14.75
2154	0	0	14.75
2155	0	0	14.75
2156	0	0	14.75
2157	0	0	14.75
2158	0	0	14.75
2159	0	0	14.75
2160	0	0	14.75
2161	0	0	14.75
2162	0	0	14.75
2163	0	0	14.75
2164	0	0	14.75
2165	0	0	14.75
2166	0	0	14.75
2167	0	0	14.75
2168	0	0	14.75
2169	0	0	14.75
2170	0	0	14.75
2171	0	0	14.75
2172	0	0	14.75
2173	0	0	14.75
2174	0	0	14.75
2175	0	0	14.75
2176	0	0	14.75
2177	0	0	14.75
2178	0	0	14.75
2179	0	0	14.75
2180	0	0	14.75
2181	0	0	14.75
2182	0	0	14.75
2183	0	0	14.75
2184	0	0	14.75
2185	0	0	14.75
2186	0	0	14.75
2187	0	0	14.75
2188	0	0	14.75
2189	0	0	14.75
2190	0	0	14.75
2191	0	0	14.15
2192	0	0	14.15
2193	0	0	14.15
2194	0	0	14.15
2195	0	0	14.15
2196	0	0	14.15
2197	0	0	14.15
2198	0	0	14.15
2199	0	0	14.15
2200	0	0	14.15
2201	0	0	14.15
2202	0	0	14.15
2203	0	0	14.15
2204	0	0	14.15
2205	0	0	14.15
2206	0	0	14.15
2207	0	0	14.15
2208	0	0	14.15
2209	0	0	14.15
2210	0	0	14.15
2211	0	0	14.15
2212	0	0	14.15
2213	0	0	14.15
2214	0	0	14.15
2215	0	0	14.15
2216	0	0	14.15
2217	0	0	14.15
2218	0	0	14.15
2219	0	0	14.15
2220	0	0	14.15
2221	0	0	13.88
2222	0	0	13.88
2223	0	0	13.88
2224	0	0	13.88
2225	0	0	13.88
2226	0	0	13.88
2227	0	0	13.88
2228	0	0	13.88
2229	0	0	13.88
2230	0	0	13.88
2231	0	0	13.88
2232	0	0	13.88
2233	0	0	13.88
2234	0	0	13.88
2235	0	0	13.88
2236	0	0	13.88
2237	0	0	13.88
2238	0	0	13.88
2239	0	0	13.88
2240	0	0	13.88
2241	0	0	13.88
2242	0	0	13.88
2243	0	0	13.88
2244	0	0	13.88
2245	0	0	13.88
2246	0	0	13.88
2247	0	0	13.88
2248	0	0	13.88
2249	0	0	13.88
2250	0	0	13.88
2251	0	0	13.88
2252	0	0	13.47
2253	0	0	13.47
2254	0	0	13.47
2255	0	0	13.47
2256	0	0	13.47
2257	0	0	13.47
2258	0	0	13.47
2259	0	0	13.47
2260	0	0	13.47
2261	0	0	13.47
2262	0	0	13.47
2263	0	0	13.47
2264	0	0	13.47
2265	0	0	13.47
2266	0	0	13.47
2267	0	0	13.47
2268	0	0	13.47
2269	0	0	13.47
2270	0	0	13.47
2271	0	0	13.47
2272	0	0	13.47
2273	0	0	13.47
2274	0	0	13.47
2275	0	0	13.47
2276	0	0	13.47
2277	0	0	13.47
2278	0	0	13.47
2279	0	0	13.47
2280	0	0	13.47
2281	0	0	13.47
2282	0	0	13.47
2283	0	0	13.27
2284	0	0	13.27
2285	0	0	13.27
2286	0	0	13.27
2287	0	0	13.27
2288	0	0	13.27
2289	0	0	13.27
2290	0	0	13.27
2291	0	0	13.27
2292	0	0	13.27
2293	0	0	13.27
2294	0	0	13.27
2295	0	0	13.27
2296	0	0	13.27
2297	0	0	13.27
2298	0	0	13.27
2299	0	0	13.27
2300	0	0	13.27
2301	0	0	13.27
2302	0	0	13.27
2303	0	0	13.27
2304	0	0	13.27
2305	0	0	13.27
2306	0	0	13.27
2307	0	0	13.27
2308	0	0	13.27
2309	0	0	13.27
2310	0	0	13.27
2311	0	0	13.27
2312	0	0	13.27
2313	0	0	13.27
2314	0	0	13.27
2315	0	0	13.27
2316	0	0	13.27
2317	0	0	13.27
2318	0	0	13.27
2319	0	0	13.27
2320	0	0	13.27
2321	0	0	13.27
2322	0	0	13.27
2323	0	0	13.27
2324	0	0	13.27
2325	0	0	13.27
2326	0	0	13.27
2327	0	0	13.27
2328	0	0	13.27
2329	0	0	13.27
2330	0	0	13.27
2331	0	0	13.27
2332	0	0	13.27
2333	0	0	13.27
2334	0	0	13.27
2335	0	0	13.27
2336	0	0	13.27
2337	0	0	13.27
2338	0	0	13.27
2339	0	0	13.27
2340	0	0	13.27
2341	0	0	13.27
2342	0	0	13.27
2343	0	0	13.27
2344	0	0	13.27
2345	0	0	13.27
2346	0	0	13.27
2347	0	0	13.27
2348	0	0	13.27
2349	0	0	13.27
2350	0	0	13.27
2351	0	0	13.27
2352	0	0	13.27
2353	0	0	13.27
2354	0	0	13.27
2355	0	0	13.27
2356	0	0	13.27
2357	0	0	13.27
2358	0	0	13.27
2359	0	0	13.27
2360	0	0	13.27
2361	0	0	13.27
2362	0	0	13.27
2363	0	0	13.27
2364	0	0	13.27
2365	0	0	13.27
2366	0	0	13.27
2367	0	0	13.27
2368	0	0	13.27
2369	0	0	13.27
2370	0	0	13.27
2371	0	0	13.27
2372	0	0	13.27
2373	0	0	13.27
2374	0	0	13.27
2375	0	0	13.27
2376	0	0	13.27
2377	0	0	13.27
2378	0	0	13.27
2379	0	0	13.27
2380	0	0	13.27
2381	0	0	13.27
2382	0	0	13.27
2383	0	0	13.27
2384	0	0	13.27
2385	0	0	13.27
2386	0	0	13.27
2387	0	0	13.27
2388	0	0	13.27
2389	0	0	13.27
2390	0	0	13.27
2391	0	0	13.27
2392	0	0	13.27
2393	0	0	13.27
2394	0	0	13.27
2395	0	0	13.27
2396	0	0	13.27
2397	0	0	13.27
2398	0	0	13.27
2399	0	0	13.27
2400	0	0	13.27
2401	0	0	13.27
2402	0	0	13.27
2403	0	0	13.27
2404	0	0	13.27
2405	0	0	15.06
2406	0	0	15.06
2407	0	0	15.06
2408	0	0	15.06
2409	0	0	15.06
2410	0	0	15.06
2411	0	0	15.06
2412	0	0	15.06
2413	0	0	15.06
2414	0	0	15.06
2415	0	0	15.06
2416	0	0	15.06
2417	0	0	15.06
2418	0	0	15.06
2419	0	0	15.06
2420	0	0	15.06
2421	0	0	15.06
2422	0	0	15.06
2423	0	0	15.06
2424	0	0	15.06
2425	0	0	15.06
2426	0	0	15.06
2427	0	0	15.06
2428	0	0	15.06
2429	0	0	15.06
2430	0	0	15.06
2431	0	0	15.06
2432	0	0	15.06
2433	0	0	15.06
2434	0	0	15.06
2435	0	0	15.06
2436	0	0	15.06
2437	0	0	15.06
2438	0	0	15.06
2439	0	0	15.06
2440	0	0	15.06
2441	0	0	15.06
2442	0	0	15.06
2443	0	0	15.06
2444	0	0	15.06
2445	0	0	15.06
2446	0	0	15.06
2447	0	0	15.06
2448	0	0	15.06
2449	0	0	15.06
2450	0	0	15.06
2451	0	0	15.06
2452	0	0	15.06
2453	0	0	15.06
2454	0	0	15.06
2455	0	0	15.06
2456	0	0	15.06
2457	0	0	15.06
2458	0	0	15.06
2459	0	0	15.06
2460	0	0	15.06
2461	0	0	15.06
2462	0	0	15.06
2463	0	0	15.06
2464	0	0	14.74
2465	0	0	14.74
2466	0	0	14.74
2467	0	0	14.74
2468	0	0	14.74
2469	0	0	14.74
2470	0	0	14.74
2471	0	0	14.74
2472	0	0	14.74
2473	0	0	14.74
2474	0	0	14.74
2475	0	0	14.74
2476	0	0	14.74
2477	0	0	14.74
2478	0	0	14.74
2479	0	0	14.74
2480	0	0	14.74
2481	0	0	14.74
2482	0	0	14.74
2483	0	0	14.74
2484	0	0	14.74
2485	0	0	14.74
2486	0	0	14.74
2487	0	0	14.74
2488	0	0	14.74
2489	0	0	14.74
2490	0	0	14.74
2491	0	0	14.74
2492	0	0	14.74
2493	0	0	14.74
2494	0	0	14.74
2495	0	0	14.75
2496	0	0	14.75
2497	0	0	14.75
2498	0	0	14.75
2499	0	0	14.75
2500	0	0	14.75
2501	0	0	14.75
2502	0	0	14.75
2503	0	0	14.75
2504	0	0	14.75
2505	0	0	14.75
2506	0	0	14.75
2507	0	0	14.75
2508	0	0	14.75
2509	0	0	14.75
2510	0	0	14.75
2511	0	0	14.75
2512	0	0	14.75
2513	0	0	14.75
2514	0	0	14.75
2515	0	0	14.75
2516	0	0	14.75
2517	0	0	14.75
2518	0	0	14.75
2519	0	0	14.75
2520	0	0	14.75
2521	0	0	14.75
2522	0	0	14.75
2523	0	0	14.75
2524	0	0	14.75
2525	0	0	14.75
2526	0	0	14.75
2527	0	0	14.75
2528	0	0	14.75
2529	0	0	14.75
2530	0	0	14.75
2531	0	0	14.75
2532	0	0	14.75
2533	0	0	14.75
2534	0	0	14.75
2535	0	0	14.75
2536	0	0	14.75
2537	0	0	14.75
2538	0	0	14.75
2539	0	0	14.75
2540	0	0	14.75
2541	0	0	14.75
2542	0	0	14.75
2543	0	0	14.75
2544	0	0	14.75
2545	0	0	14.75
2546	0	0	14.75
2547	0	0	14.75
2548	0	0	14.75
2549	0	0	14.75
2550	0	0	14.75
2551	0	0	14.75
2552	0	0	14.75
2553	0	0	14.75
2554	0	0	14.75
2555	0	0	14.75
2556	0	0	14.15
2557	0	0	14.15
2558	0	0	14.15
2559	0	0	14.15
2560	0	0	14.15
2561	0	0	14.15
2562	0	0	14.15
2563	0	0	14.15
2564	0	0	14.15
2565	0	0	14.15
2566	0	0	14.15
2567	0	0	14.15
2568	0	0	14.15
2569	0	0	14.15
2570	0	0	14.15
2571	0	0	14.15
2572	0	0	14.15
2573	0	0	14.15
2574	0	0	14.15
2575	0	0	14.15
2576	0	0	14.15
2577	0	0	14.15
2578	0	0	14.15
2579	0	0	14.15
2580	0	0	14.15
2581	0	0	14.15
2582	0	0	14.15
2583	0	0	14.15
2584	0	0	14.15
2585	0	0	14.15
2586	0	0	13.88
2587	0	0	13.88
2588	0	0	13.88
2589	0	0	13.88
2590	0	0	13.88
2591	0	0	13.88
2592	0	0	13.88
2593	0	0	13.88
2594	0	0	13.88
2595	0	0	13.88
2596	0	0	13.88
2597	0	0	13.88
2598	0	0	13.88
2599	0	0	13.88
2600	0	0	13.88
2601	0	0	13.88
2602	0	0	13.88
2603	0	0	13.88
2604	0	0	13.88
2605	0	0	13.88
2606	0	0	13.88
2607	0	0	13.88
2608	0	0	13.88
2609	0	0	13.88
2610	0	0	13.88
2611	0	0	13.88
2612	0	0	13.88
2613	0	0	13.88
2614	0	0	13.88
2615	0	0	13.88
2616	0	0	13.88
2617	0	0	13.47
2618	0	0	13.47
2619	0	0	13.47
2620	0	0	13.47
2621	0	0	13.47
2622	0	0	13.47
2623	0	0	13.47
2624	0	0	13.47
2625	0	0	13.47
2626	0	0	13.47
2627	0	0	13.47
2628	0	0	13.47
2629	0	0	13.47
2630	0	0	13.47
2631	0	0	13.47
2632	0	0	13.47
2633	0	0	13.47
2634	0	0	13.47
2635	0	0	13.47
2636	0	0	13.47
2637	0	0	13.47
2638	0	0	13.47
2639	0	0	13.47
2640	0	0	13.47
2641	0	0	13.47
2642	0	0	13.47
2643	0	0	13.47
2644	0	0	13.47
2645	0	0	13.47
2646	0	0	13.47
2647	0	0	13.47
2648	0	0	13.27
2649	0	0	13.27
2650	0	0	13.27
2651	0	0	13.27
2652	0	0	13.27
2653	0	0	13.27
2654	0	0	13.27
2655	0	0	13.27
2656	0	0	13.27
2657	0	0	13.27
2658	0	0	13.27
2659	0	0	13.27
2660	0	0	13.27
2661	0	0	13.27
2662	0	0	13.27
2663	0	0	13.27
2664	0	0	13.27
2665	0	0	13.27
2666	0	0	13.27
2667	0	0	13.27
2668	0	0	13.27
2669	0	0	13.27
2670	0	0	13.27
2671	0	0	13.27
2672	0	0	13.27
2673	0	0	13.27
2674	0	0	13.27
2675	0	0	13.27
2676	0	0	13.27
2677	0	0	13.27
2678	0	0	13.27
2679	0	0	13.27
2680	0	0	13.27
2681	0	0	13.27
2682	0	0	13.27
2683	0	0	13.27
2684	0	0	13.27
2685	0	0	13.27
2686	0	0	13.27
2687	0	0	13.27
2688	0	0	13.27
2689	0	0	13.27
2690	0	0	13.27
2691	0	0	13.27
2692	0	0	13.27
2693	0	0	13.27
2694	0	0	13.27
2695	0	0	13.27
2696	0	0	13.27
2697	0	0	13.27
2698	0	0	13.27
2699	0	0	13.27
2700	0	0	13.27
2701	0	0	13.27
2702	0	0	13.27
2703	0	0	13.27
2704	0	0	13.27
2705	0	0	13.27
2706	0	0	13.27
2707	0	0	13.27
2708	0	0	13.27
2709	0	0	13.27
2710	0	0	13.27
2711	0	0	13.27
2712	0	0	13.27
2713	0	0	13.27
2714	0	0	13.27
2715	0	0	13.27
2716	0	0	13.27
2717	0	0	13.27
2718	0	0	13.27
2719	0	0	13.27
2720	0	0	13.27
2721	0	0	13.27
2722	0	0	13.27
2723	0	0	13.27
2724	0	0	13.27
2725	0	0	13.27
2726	0	0	13.27
2727	0	0	13.27
2728	0	0	13.27
2729	0	0	13.27
2730	0	0	13.27
2731	0	0	13.27
2732	0	0	13.27
2733	0	0	13.27
2734	0	0	13.27
2735	0	0	13.27
2736	0	0	13.27
2737	0	0	13.27
2738	0	0	13.27
2739	0	0	13.27
2740	0	0	13.27
2741	0	0	13.27
2742	0	0	13.27
2743	0	0	13.27
2744	0	0	13.27
2745	0	0	13.27
2746	0	0	13.27
2747	0	0	13.27
2748	0	0	13.27
2749	0	0	13.27
2750	0	0	13.27
2751	0	0	13.27
2752	0	0	13.27
2753	0	0	13.27
2754	0	0	13.27
2755	0	0	13.27
2756	0	0	13.27
2757	0	0	13.27
2758	0	0	13.27
2759	0	0	13.27
2760	0	0	13.27
2761	0	0	13.27
2762	0	0	13.27
2763	0	0	13.27
2764	0	0	13.27
2765	0	0	13.27
2766	0	0	13.27
2767	0	0	13.27
2768	0	0	13.27
2769	0	0	13.27
2770	0	0	15.06
2771	0	0	15.06
2772	0	0	15.06
2773	0	0	15.06
2774	0	0	15.06
2775	0	0	15.06
2776	0	0	15.06
2777	0	0	15.06
2778	0	0	15.06
2779	0	0	15.06
2780	0	0	15.06
2781	0	0	15.06
2782	0	0	15.06
2783	0	0	15.06
2784	0	0	15.06
2785	0	0	15.06
2786	0	0	15.06
2787	0	0	15.06
2788	0	0	15.06
2789	0	0	15.06
2790	0	0	15.06
2791	0	0	15.06
2792	0	0	15.06
2793	0	0	15.06
2794	0	0	15.06
2795	0	0	15.06
2796	0	0	15.06
2797	0	0	15.06
2798	0	0	15.06
2799	0	0	15.06
2800	0	0	15.06
2801	0	0	15.06
2802	0	0	15.06
2803	0	0	15.06
2804	0	0	15.06
2805	0	0	15.06
2806	0	0	15.06
2807	0	0	15.06
2808	0	0	15.06
2809	0	0	15.06
2810	0	0	15.06
2811	0	0	15.06
2812	0	0	15.06
2813	0	0	15.06
2814	0	0	15.06
2815	0	0	15.06
2816	0	0	15.06
2817	0	0	15.06
2818	0	0	15.06
2819	0	0	15.06
2820	0	0	15.06
2821	0	0	15.06
2822	0	0	15.06
2823	0	0	15.06
2824	0	0	15.06
2825	0	0	15.06
2826	0	0	15.06
2827	0	0	15.06
2828	0	0	15.06
2829	0	0	15.06
2830	0	0	14.74
2831	0	0	14.74
2832	0	0	14.74
2833	0	0	14.74
2834	0	0	14.74
2835	0	0	14.74
2836	0	0	14.74
2837	0	0	14.74
2838	0	0	14.74
2839	0	0	14.74
2840	0	0	14.74
2841	0	0	14.74
2842	0	0	14.74
2843	0	0	14.74
2844	0	0	14.74
2845	0	0	14.74
2846	0	0	14.74
2847	0	0	14.74
2848	0	0	14.74
2849	0	0	14.74
2850	0	0	14.74
2851	0	0	14.74
2852	0	0	14.74
2853	0	0	14.74
2854	0	0	14.74
2855	0	0	14.74
2856	0	0	14.74
2857	0	0	14.74
2858	0	0	14.74
2859	0	0	14.74
2860	0	0	14.74
2861	0	0	14.75
2862	0	0	14.75
2863	0	0	14.75
2864	0	0	14.75
2865	0	0	14.75
2866	0	0	14.75
2867	0	0	14.75
2868	0	0	14.75
2869	0	0	14.75
2870	0	0	14.75
2871	0	0	14.75
2872	0	0	14.75
2873	0	0	14.75
2874	0	0	14.75
2875	0	0	14.75
2876	0	0	14.75
2877	0	0	14.75
2878	0	0	14.75
2879	0	0	14.75
2880	0	0	14.75
2881	0	0	14.75
2882	0	0	14.75
2883	0	0	14.75
2884	0	0	14.75
2885	0	0	14.75
2886	0	0	14.75
2887	0	0	14.75
2888	0	0	14.75
2889	0	0	14.75
2890	0	0	14.75
2891	0	0	14.75
2892	0	0	14.75
2893	0	0	14.75
2894	0	0	14.75
2895	0	0	14.75
2896	0	0	14.75
2897	0	0	14.75
2898	0	0	14.75
2899	0	0	14.75
2900	0	0	14.75
2901	0	0	14.75
2902	0	0	14.75
2903	0	0	14.75
2904	0	0	14.75
2905	0	0	14.75
2906	0	0	14.75
2907	0	0	14.75
2908	0	0	14.75
2909	0	0	14.75
2910	0	0	14.75
2911	0	0	14.75
2912	0	0	14.75
2913	0	0	14.75
2914	0	0	14.75
2915	0	0	14.75
2916	0	0	14.75
2917	0	0	14.75
2918	0	0	14.75
2919	0	0	14.75
2920	0	0	14.75
2921	0	0	14.75
2922	0	0	14.15
2923	0	0	14.15
2924	0	0	14.15
2925	0	0	14.15
2926	0	0	14.15
2927	0	0	14.15
2928	0	0	14.15
2929	0	0	14.15
2930	0	0	14.15
2931	0	0	14.15
2932	0	0	14.15
2933	0	0	14.15
2934	0	0	14.15
2935	0	0	14.15
2936	0	0	14.15
2937	0	0	14.15
2938	0	0	14.15
2939	0	0	14.15
2940	0	0	14.15
2941	0	0	14.15
2942	0	0	14.15
2943	0	0	14.15
2944	0	0	14.15
2945	0	0	14.15
2946	0	0	14.15
2947	0	0	14.15
2948	0	0	14.15
2949	0	0	14.15
2950	0	0	14.15
2951	0	0	14.15
2952	0	0	13.88
2953	0	0	13.88
2954	0	0	13.88
2955	0	0	13.88
2956	0	0	13.88
2957	0	0	13.88
2958	0	0	13.88
2959	0	0	13.88
2960	0	0	13.88
2961	0	0	13.88
2962	0	0	13.88
2963	0	0	13.88
2964	0	0	13.88
2965	0	0	13.88
2966	0	0	13.88
2967	0	0	13.88
2968	0	0	13.88
2969	0	0	13.88
2970	0	0	13.88
2971	0	0	13.88
2972	0	0	13.88
2973	0	0	13.88
2974	0	0	13.88
2975	0	0	13.88
2976	0	0	13.88
2977	0	0	13.88
2978	0	0	13.88
2979	0	0	13.88
2980	0	0	13.88
2981	0	0	13.88
2982	0	0	13.88
2983	0	0	13.47
2984	0	0	13.47
2985	0	0	13.47
2986	0	0	13.47
2987	0	0	13.47
2988	0	0	13.47
2989	0	0	13.47
2990	0	0	13.47
2991	0	0	13.47
2992	0	0	13.47
2993	0	0	13.47
2994	0	0	13.47
2995	0	0	13.47
2996	0	0	13.47
2997	0	0	13.47
2998	0	0	13.47
2999	0	0	13.47
3000	0	0	13.47
3001	0	0	13.47
3002	0	0	13.47
3003	0	0	13.47
3004	0	0	13.47
3005	0	0	13.47
3006	0	0	13.47
3007	0	0	13.47
3008	0	0	13.47
3009	0	0	13.47
3010	0	0	13.47
3011	0	0	13.47
3012	0	0	13.47
3013	0	0	13.47
3014	0	0	13.27
3015	0	0	13.27
3016	0	0	13.27
3017	0	0	13.27
3018	0	0	13.27
3019	0	0	13.27
3020	0	0	13.27
3021	0	0	13.27
3022	0	0	13.27
3023	0	0	13.27
3024	0	0	13.27
3025	0	0	13.27
3026	0	0	13.27
3027	0	0	13.27
3028	0	0	13.27
3029	0	0	13.27
3030	0	0	13.27
3031	0	0	13.27
3032	0	0	13.27
3033	0	0	13.27
3034	0	0	13.27
3035	0	0	13.27
3036	0	0	13.27
3037	0	0	13.27
3038	0	0	13.27
3039	0	0	13.27
3040	0	0	13.27
3041	0	0	13.27
3042	0	0	13.27
3043	0	0	13.27
3044	0	0	13.27
3045	0	0	13.27
3046	0	0	13.27
3047	0	0	13.27
3048	0	0	13.27
3049	0	0	13.27
3050	0	0	13.27
3051	0	0	13.27
3052	0	0	13.27
3053	0	0	13.27
3054	0	0	13.27
3055	0	0	13.27
3056	0	0	13.27
3057	0	0	13.27
3058	0	0	13.27
3059	0	0	13.27
3060	0	0	13.27
3061	0	0	13.27
3062	0	0	13.27
3063	0	0	13.27
3064	0	0	13.27
3065	0	0	13.27
3066	0	0	13.27
3067	0	0	13.27
3068	0	0	13.27
3069	0	0	13.27
3070	0	0	13.27
3071	0	0	13.27
3072	0	0	13.27
3073	0	0	13.27
3074	0	0	13.27
3075	0	0	13.27
3076	0	0	13.27
3077	0	0	13.27
3078	0	0	13.27
3079	0	0	13.27
3080	0	0	13.27
3081	0	0	13.27
3082	0	0	13.27
3083	0	0	13.27
3084	0	0	13.27
3085	0	0	13.27
3086	0	0	13.27
3087	0	0	13.27
3088	0	0	13.27
3089	0	0	13.27
3090	0	0	13.27
3091	0	0	13.27
3092	0	0	13.27
3093	0	0	13.27
3094	0	0	13.27
3095	0	0	13.27
3096	0	0	13.27
3097	0	0	13.27
3098	0	0	13.27
3099	0	0	13.27
3100	0	0	13.27
3101	0	0	13.27
3102	0	0	13.27
3103	0	0	13.27
3104	0	0	13.27
3105	0	0	13.27
3106	0	0	13.27
3107	0	0	13.27
3108	0	0	13.27
3109	0	0	13.27
3110	0	0	13.27
3111	0	0	13.27
3112	0	0	13.27
3113	0	0	13.27
3114	0	0	13.27
3115	0	0	13.27
3116	0	0	13.27
3117	0	0	13.27
3118	0	0	13.27
3119	0	0	13.27
3120	0	0	13.27
3121	0	0	13.27
3122	0	0	13.27
3123	0	0	13.27
3124	0	0	13.27
3125	0	0	13.27
3126	0	0	13.27
3127	0	0	13.27
3128	0	0	13.27
3129	0	0	13.27
3130	0	0	13.27
3131	0	0	13.27
3132	0	0	13.27
3133	0	0	13.27
3134	0	0	13.27
3135	0	0	13.27
3136	0	0	15.06
3137	0	0	15.06
3138	0	0	15.06
3139	0	0	15.06
3140	0	0	15.06
3141	0	0	15.06
3142	0	0	15.06
3143	0	0	15.06
3144	0	0	15.06
3145	0	0	15.06
3146	0	0	15.06
3147	0	0	15.06
3148	0	0	15.06
3149	0	0	15.06
3150	0	0	15.06
3151	0	0	15.06
3152	0	0	15.06
3153	0	0	15.06
3154	0	0	15.06
3155	0	0	15.06
3156	0	0	15.06
3157	0	0	15.06
3158	0	0	15.06
3159	0	0	15.06
3160	0	0	15.06
3161	0	0	15.06
3162	0	0	15.06
3163	0	0	15.06
3164	0	0	15.06
3165	0	0	15.06
3166	0	0	15.06
3167	0	0	15.06
3168	0	0	15.06
3169	0	0	15.06
3170	0	0	15.06
3171	0	0	15.06
3172	0	0	15.06
3173	0	0	15.06
3174	0	0	15.06
3175	0	0	15.06
3176	0	0	15.06
3177	0	0	15.06
3178	0	0	15.06
3179	0	0	15.06
3180	0	0	15.06
3181	0	0	15.06
3182	0	0	15.06
3183	0	0	15.06
3184	0	0	15.06
3185	0	0	15.06
3186	0	0	15.06
3187	0	0	15.06
3188	0	0	15.06
3189	0	0	15.06
3190	0	0	15.06
3191	0	0	15.06
3192	0	0	15.06
3193	0	0	15.06
3194	0	0	15.06
3195	0	0	14.74
3196	0	0	14.74
3197	0	0	14.74
3198	0	0	14.74
3199	0	0	14.74
3200	0	0	14.74
3201	0	0	14.74
3202	0	0	14.74
3203	0	0	14.74
3204	0	0	14.74
3205	0	0	14.74
3206	0	0	14.74
3207	0	0	14.74
3208	0	0	14.74
3209	0	0	14.74
3210	0	0	14.74
3211	0	0	14.74
3212	0	0	14.74
3213	0	0	14.74
3214	0	0	14.74
3215	0	0	14.74
3216	0	0	14.74
3217	0	0	14.74
3218	0	0	14.74
3219	0	0	14.74
3220	0	0	14.74
3221	0	0	14.74
3222	0	0	14.74
3223	0	0	14.74
3224	0	0	14.74
3225	0	0	14.74
3226	0	0	14.75
3227	0	0	14.75
3228	0	0	14.75
3229	0	0	14.75
3230	0	0	14.75
3231	0	0	14.75
3232	0	0	14.75
3233	0	0	14.75
3234	0	0	14.75
3235	0	0	14.75
3236	0	0	14.75
3237	0	0	14.75
3238	0	0	14.75
3239	0	0	14.75
3240	0	0	14.75
3241	0	0	14.75
3242	0	0	14.75
3243	0	0	14.75
3244	0	0	14.75
3245	0	0	14.75
3246	0	0	14.75
3247	0	0	14.75
3248	0	0	14.75
3249	0	0	14.75
3250	0	0	14.75
3251	0	0	14.75
3252	0	0	14.75
3253	0	0	14.75
3254	0	0	14.75
3255	0	0	14.75
3256	0	0	14.75
3257	0	0	14.75
3258	0	0	14.75
3259	0	0	14.75
3260	0	0	14.75
3261	0	0	14.75
3262	0	0	14.75
3263	0	0	14.75
3264	0	0	14.75
3265	0	0	14.75
3266	0	0	14.75
3267	0	0	14.75
3268	0	0	14.75
3269	0	0	14.75
3270	0	0	14.75
3271	0	0	14.75
3272	0	0	14.75
3273	0	0	14.75
3274	0	0	14.75
3275	0	0	14.75
3276	0	0	14.75
3277	0	0	14.75
3278	0	0	14.75
3279	0	0	14.75
3280	0	0	14.75
3281	0	0	14.75
3282	0	0	14.75
3283	0	0	14.75
3284	0	0	14.75
3285	0	0	14.75
3286	0	0	14.75
3287	0	0	14.15
3288	0	0	14.15
3289	0	0	14.15
3290	0	0	14.15
3291	0	0	14.15
3292	0	0	14.15
3293	0	0	14.15
3294	0	0	14.15
3295	0	0	14.15
3296	0	0	14.15
3297	0	0	14.15
3298	0	0	14.15
3299	0	0	14.15
3300	0	0	14.15
3301	0	0	14.15
3302	0	0	14.15
3303	0	0	14.15
3304	0	0	14.15
3305	0	0	14.15
3306	0	0	14.15
3307	0	0	14.15
3308	0	0	14.15
3309	0	0	14.15
3310	0	0	14.15
3311	0	0	14.15
3312	0	0	14.15
3313	0	0	14.15
3314	0	0	14.15
3315	0	0	14.15
3316	0	0	14.15
3317	0	0	13.88
3318	0	0	13.88
3319	0	0	13.88
3320	0	0	13.88
3321	0	0	13.88
3322	0	0	13.88
3323	0	0	13.88
3324	0	0	13.88
3325	0	0	13.88
3326	0	0	13.88
3327	0	0	13.88
3328	0	0	13.88
3329	0	0	13.88
3330	0	0	13.88
3331	0	0	13.88
3332	0	0	13.88
3333	0	0	13.88
3334	0	0	13.88
3335	0	0	13.88
3336	0	0	13.88
3337	0	0	13.88
3338	0	0	13.88
3339	0	0	13.88
3340	0	0	13.88
3341	0	0	13.88
3342	0	0	13.88
3343	0	0	13.88
3344	0	0	13.88
3345	0	0	13.88
3346	0	0	13.88
3347	0	0	13.88
3348	0	0	13.47
3349	0	0	13.47
3350	0	0	13.47
3351	0	0	13.47
3352	0	0	13.47
3353	0	0	13.47
3354	0	0	13.47
3355	0	0	13.47
3356	0	0	13.47
3357	0	0	13.47
3358	0	0	13.47
3359	0	0	13.47
3360	0	0	13.47
3361	0	0	13.47
3362	0	0	13.47
3363	0	0	13.47
3364	0	0	13.47
3365	0	0	13.47
3366	0	0	13.47
3367	0	0	13.47
3368	0	0	13.47
3369	0	0	13.47
3370	0	0	13.47
3371	0	0	13.47
3372	0	0	13.47
3373	0	0	13.47
3374	0	0	13.47
3375	0	0	13.47
3376	0	0	13.47
3377	0	0	13.47
3378	0	0	13.47
3379	0	0	13.27
3380	0	0	13.27
3381	0	0	13.27
3382	0	0	13.27
3383	0	0	13.27
3384	0	0	13.27
3385	0	0	13.27
3386	0	0	13.27
3387	0	0	13.27
3388	0	0	13.27
3389	0	0	13.27
3390	0	0	13.27
3391	0	0	13.27
3392	0	0	13.27
3393	0	0	13.27
3394	0	0	13.27
3395	0	0	13.27
3396	0	0	13.27
3397	0	0	13.27
3398	0	0	13.27
3399	0	0	13.27
3400	0	0	13.27
3401	0	0	13.27
3402	0	0	13.27
3403	0	0	13.27
3404	0	0	13.27
3405	0	0	13.27
3406	0	0	13.27
3407	0	0	13.27
3408	0	0	13.27
3409	0	0	13.27
3410	0	0	13.27
3411	0	0	13.27
3412	0	0	13.27
3413	0	0	13.27
3414	0	0	13.27
3415	0	0	13.27
3416	0	0	13.27
3417	0	0	13.27
3418	0	0	13.27
3419	0	0	13.27
3420	0	0	13.27
3421	0	0	13.27
3422	0	0	13.27
3423	0	0	13.27
3424	0	0	13.27
3425	0	0	13.27
3426	0	0	13.27
3427	0	0	13.27
3428	0	0	13.27
3429	0	0	13.27
3430	0	0	13.27
3431	0	0	13.27
3432	0	0	13.27
3433	0	0	13.27
3434	0	0	13.27
3435	0	0	13.27
3436	0	0	13.27
3437	0	0	13.27
3438	0	0	13.27
3439	0	0	13.27
3440	0	0	13.27
3441	0	0	13.27
3442	0	0	13.27
3443	0	0	13.27
3444	0	0	13.27
3445	0	0	13.27
3446	0	0	13.27
3447	0	0	13.27
3448	0	0	13.27
3449	0	0	13.27
3450	0	0	13.27
3451	0	0	13.27
3452	0	0	13.27
3453	0	0	13.27
3454	0	0	13.27
3455	0	0	13.27
3456	0	0	13.27
3457	0	0	13.27
3458	0	0	13.27
3459	0	0	13.27
3460	0	0	13.27
3461	0	0	13.27
3462	0	0	13.27
3463	0	0	13.27
3464	0	0	13.27
3465	0	0	13.27
3466	0	0	13.27
3467	0	0	13.27
3468	0	0	13.27
3469	0	0	13.27
3470	0	0	13.27
3471	0	0	13.27
3472	0	0	13.27
3473	0	0	13.27
3474	0	0	13.27
3475	0	0	13.27
3476	0	0	13.27
3477	0	0	13.27
3478	0	0	13.27
3479	0	0	13.27
3480	0	0	13.27
3481	0	0	13.27
3482	0	0	13.27
3483	0	0	13.27
3484	0	0	13.27
3485	0	0	13.27
3486	0	0	13.27
3487	0	0	13.27
3488	0	0	13.27
3489	0	0	13.27
3490	0	0	13.27
3491	0	0	13.27
3492	0	0	13.27
3493	0	0	13.27
3494	0	0	13.27
3495	0	0	13.27
3496	0	0	13.27
3497	0	0	13.27
3498	0	0	13.27
3499	0	0	13.27
3500	0	0	13.27
3501	0	0	15.06
3502	0	0	15.06
3503	0	0	15.06
3504	0	0	15.06
3505	0	0	15.06
3506	0	0	15.06
3507	0	0	15.06
3508	0	0	15.06
3509	0	0	15.06
3510	0	0	15.06
3511	0	0	15.06
3512	0	0	15.06
3513	0	0	15.06
3514	0	0	15.06
3515	0	0	15.06
3516	0	0	15.06
3517	0	0	15.06
3518	0	0	15.06
3519	0	0	15.06
3520	0	0	15.06
3521	0	0	15.06
3522	0	0	15.06
3523	0	0	15.06
3524	0	0	15.06
3525	0	0	15.06
3526	0	0	15.06
3527	0	0	15.06
3528	0	0	15.06
3529	0	0	15.06
3530	0	0	15.06
3531	0	0	15.06
3532	0	0	15.06
3533	0	0	15.06
3534	0	0	15.06
3535	0	0	15.06
3536	0	0	15.06
3537	0	0	15.06
3538	0	0	15.06
3539	0	0	15.06
3540	0	0	15.06
3541	0	0	15.06
3542	0	0	15.06
3543	0	0	15.06
3544	0	0	15.06
3545	0	0	15.06
3546	0	0	15.06
3547	0	0	15.06
3548	0	0	15.06
3549	0	0	15.06
3550	0	0	15.06
3551	0	0	15.06
3552	0	0	15.06
3553	0	0	15.06
3554	0	0	15.06
3555	0	0	15.06
3556	0	0	15.06
3557	0	0	15.06
3558	0	0	15.06
3559	0	0	15.06
3560	0	0	14.74
3561	0	0	14.74
3562	0	0	14.74
3563	0	0	14.74
3564	0	0	14.74
3565	0	0	14.74
3566	0	0	14.74
3567	0	0	14.74
3568	0	0	14.74
3569	0	0	14.74
3570	0	0	14.74
3571	0	0	14.74
3572	0	0	14.74
3573	0	0	14.74
3574	0	0	14.74
3575	0	0	14.74
3576	0	0	14.74
3577	0	0	14.74
3578	0	0	14.74
3579	0	0	14.74
3580	0	0	14.74
3581	0	0	14.74
3582	0	0	14.74
3583	0	0	14.74
3584	0	0	14.74
3585	0	0	14.74
3586	0	0	14.74
3587	0	0	14.74
3588	0	0	14.74
3589	0	0	14.74
3590	0	0	14.74
3591	0	0	14.75
3592	0	0	14.75
3593	0	0	14.75
3594	0	0	14.75
3595	0	0	14.75
3596	0	0	14.75
3597	0	0	14.75
3598	0	0	14.75
3599	0	0	14.75
3600	0	0	14.75
3601	0	0	14.75
3602	0	0	14.75
3603	0	0	14.75
3604	0	0	14.75
3605	0	0	14.75
3606	0	0	14.75
3607	0	0	14.75
3608	0	0	14.75
3609	0	0	14.75
3610	0	0	14.75
3611	0	0	14.75
3612	0	0	14.75
3613	0	0	14.75
3614	0	0	14.75
3615	0	0	14.75
3616	0	0	14.75
3617	0	0	14.75
3618	0	0	14.75
3619	0	0	14.75
3620	0	0	14.75
3621	0	0	14.75
3622	0	0	14.75
3623	0	0	14.75
3624	0	0	14.75
3625	0	0	14.75
3626	0	0	14.75
3627	0	0	14.75
3628	0	0	14.75
3629	0	0	14.75
3630	0	0	14.75
3631	0	0	14.75
3632	0	0	14.75
3633	0	0	14.75
3634	0	0	14.75
3635	0	0	14.75
3636	0	0	14.75
3637	0	0	14.75
3638	0	0	14.75
3639	0	0	14.75
3640	0	0	14.75
3641	0	0	14.75
3642	0	0	14.75
3643	0	0	14.75
3644	0	0	14.75
3645	0	0	14.75
3646	0	0	14.75
3647	0	0	14.75
3648	0	0	14.75
3649	0	0	14.75
3650	0	0	14.75
3651	0	0	14.75
