TIME_UNITS d
DATA_UNITS m
0	0	0	13.65
1	0	0	13.65
2	0	0	13.65
3	0	0	13.65
4	0	0	13.65
5	0	0	13.65
6	0	0	13.65
7	0	0	13.65
8	0	0	13.65
9	0	0	13.65
10	0	0	13.65
11	0	0	13.65
12	0	0	13.65
13	0	0	13.65
14	0	0	13.65
15	0	0	13.65
16	0	0	13.65
17	0	0	13.65
18	0	0	13.65
19	0	0	13.65
20	0	0	13.65
21	0	0	13.65
22	0	0	13.65
23	0	0	13.65
24	0	0	13.65
25	0	0	13.65
26	0	0	13.65
27	0	0	13.65
28	0	0	13.65
29	0	0	13.65
30	0	0	13.38
31	0	0	13.38
32	0	0	13.38
33	0	0	13.38
34	0	0	13.38
35	0	0	13.38
36	0	0	13.38
37	0	0	13.38
38	0	0	13.38
39	0	0	13.38
40	0	0	13.38
41	0	0	13.38
42	0	0	13.38
43	0	0	13.38
44	0	0	13.38
45	0	0	13.38
46	0	0	13.38
47	0	0	13.38
48	0	0	13.38
49	0	0	13.38
50	0	0	13.38
51	0	0	13.38
52	0	0	13.38
53	0	0	13.38
54	0	0	13.38
55	0	0	13.38
56	0	0	13.38
57	0	0	13.38
58	0	0	13.38
59	0	0	13.38
60	0	0	13.38
61	0	0	12.97
62	0	0	12.97
63	0	0	12.97
64	0	0	12.97
65	0	0	12.97
66	0	0	12.97
67	0	0	12.97
68	0	0	12.97
69	0	0	12.97
70	0	0	12.97
71	0	0	12.97
72	0	0	12.97
73	0	0	12.97
74	0	0	12.97
75	0	0	12.97
76	0	0	12.97
77	0	0	12.97
78	0	0	12.97
79	0	0	12.97
80	0	0	12.97
81	0	0	12.97
82	0	0	12.97
83	0	0	12.97
84	0	0	12.97
85	0	0	12.97
86	0	0	12.97
87	0	0	12.97
88	0	0	12.97
89	0	0	12.97
90	0	0	12.97
91	0	0	12.97
92	0	0	12.77
93	0	0	12.77
94	0	0	12.77
95	0	0	12.77
96	0	0	12.77
97	0	0	12.77
98	0	0	12.77
99	0	0	12.77
100	0	0	12.77
101	0	0	12.77
102	0	0	12.77
103	0	0	12.77
104	0	0	12.77
105	0	0	12.77
106	0	0	12.77
107	0	0	12.77
108	0	0	12.77
109	0	0	12.77
110	0	0	12.77
111	0	0	12.77
112	0	0	12.77
113	0	0	12.77
114	0	0	12.77
115	0	0	12.77
116	0	0	12.77
117	0	0	12.77
118	0	0	12.77
119	0	0	12.77
120	0	0	12.77
121	0	0	12.77
122	0	0	12.77
123	0	0	12.77
124	0	0	12.77
125	0	0	12.77
126	0	0	12.77
127	0	0	12.77
128	0	0	12.77
129	0	0	12.77
130	0	0	12.77
131	0	0	12.77
132	0	0	12.77
133	0	0	12.77
134	0	0	12.77
135	0	0	12.77
136	0	0	12.77
137	0	0	12.77
138	0	0	12.77
139	0	0	12.77
140	0	0	12.77
141	0	0	12.77
142	0	0	12.77
143	0	0	12.77
144	0	0	12.77
145	0	0	12.77
146	0	0	12.77
147	0	0	12.77
148	0	0	12.77
149	0	0	12.77
150	0	0	12.77
151	0	0	12.77
152	0	0	12.77
153	0	0	12.77
154	0	0	12.77
155	0	0	12.77
156	0	0	12.77
157	0	0	12.77
158	0	0	12.77
159	0	0	12.77
160	0	0	12.77
161	0	0	12.77
162	0	0	12.77
163	0	0	12.77
164	0	0	12.77
165	0	0	12.77
166	0	0	12.77
167	0	0	12.77
168	0	0	12.77
169	0	0	12.77
170	0	0	12.77
171	0	0	12.77
172	0	0	12.77
173	0	0	12.77
174	0	0	12.77
175	0	0	12.77
176	0	0	12.77
177	0	0	12.77
178	0	0	12.77
179	0	0	12.77
180	0	0	12.77
181	0	0	12.77
182	0	0	12.77
183	0	0	12.77
184	0	0	12.77
185	0	0	12.77
186	0	0	12.77
187	0	0	12.77
188	0	0	12.77
189	0	0	12.77
190	0	0	12.77
191	0	0	12.77
192	0	0	12.77
193	0	0	12.77
194	0	0	12.77
195	0	0	12.77
196	0	0	12.77
197	0	0	12.77
198	0	0	12.77
199	0	0	12.77
200	0	0	12.77
201	0	0	12.77
202	0	0	12.77
203	0	0	12.77
204	0	0	12.77
205	0	0	12.77
206	0	0	12.77
207	0	0	12.77
208	0	0	12.77
209	0	0	12.77
210	0	0	12.77
211	0	0	12.77
212	0	0	12.77
213	0	0	12.77
214	0	0	14.56
215	0	0	14.56
216	0	0	14.56
217	0	0	14.56
218	0	0	14.56
219	0	0	14.56
220	0	0	14.56
221	0	0	14.56
222	0	0	14.56
223	0	0	14.56
224	0	0	14.56
225	0	0	14.56
226	0	0	14.56
227	0	0	14.56
228	0	0	14.56
229	0	0	14.56
230	0	0	14.56
231	0	0	14.56
232	0	0	14.56
233	0	0	14.56
234	0	0	14.56
235	0	0	14.56
236	0	0	14.56
237	0	0	14.56
238	0	0	14.56
239	0	0	14.56
240	0	0	14.56
241	0	0	14.56
242	0	0	14.56
243	0	0	14.56
244	0	0	14.56
245	0	0	14.56
246	0	0	14.56
247	0	0	14.56
248	0	0	14.56
249	0	0	14.56
250	0	0	14.56
251	0	0	14.56
252	0	0	14.56
253	0	0	14.56
254	0	0	14.56
255	0	0	14.56
256	0	0	14.56
257	0	0	14.56
258	0	0	14.56
259	0	0	14.56
260	0	0	14.56
261	0	0	14.56
262	0	0	14.56
263	0	0	14.56
264	0	0	14.56
265	0	0	14.56
266	0	0	14.56
267	0	0	14.56
268	0	0	14.56
269	0	0	14.56
270	0	0	14.56
271	0	0	14.56
272	0	0	14.56
273	0	0	14.24
274	0	0	14.24
275	0	0	14.24
276	0	0	14.24
277	0	0	14.24
278	0	0	14.24
279	0	0	14.24
280	0	0	14.24
281	0	0	14.24
282	0	0	14.24
283	0	0	14.24
284	0	0	14.24
285	0	0	14.24
286	0	0	14.24
287	0	0	14.24
288	0	0	14.24
289	0	0	14.24
290	0	0	14.24
291	0	0	14.24
292	0	0	14.24
293	0	0	14.24
294	0	0	14.24
295	0	0	14.24
296	0	0	14.24
297	0	0	14.24
298	0	0	14.24
299	0	0	14.24
300	0	0	14.24
301	0	0	14.24
302	0	0	14.24
303	0	0	14.24
304	0	0	14.25
305	0	0	14.25
306	0	0	14.25
307	0	0	14.25
308	0	0	14.25
309	0	0	14.25
310	0	0	14.25
311	0	0	14.25
312	0	0	14.25
313	0	0	14.25
314	0	0	14.25
315	0	0	14.25
316	0	0	14.25
317	0	0	14.25
318	0	0	14.25
319	0	0	14.25
320	0	0	14.25
321	0	0	14.25
322	0	0	14.25
323	0	0	14.25
324	0	0	14.25
325	0	0	14.25
326	0	0	14.25
327	0	0	14.25
328	0	0	14.25
329	0	0	14.25
330	0	0	14.25
331	0	0	14.25
332	0	0	14.25
333	0	0	14.25
334	0	0	14.25
335	0	0	14.25
336	0	0	14.25
337	0	0	14.25
338	0	0	14.25
339	0	0	14.25
340	0	0	14.25
341	0	0	14.25
342	0	0	14.25
343	0	0	14.25
344	0	0	14.25
345	0	0	14.25
346	0	0	14.25
347	0	0	14.25
348	0	0	14.25
349	0	0	14.25
350	0	0	14.25
351	0	0	14.25
352	0	0	14.25
353	0	0	14.25
354	0	0	14.25
355	0	0	14.25
356	0	0	14.25
357	0	0	14.25
358	0	0	14.25
359	0	0	14.25
360	0	0	14.25
361	0	0	14.25
362	0	0	14.25
363	0	0	14.25
364	0	0	14.25
365	0	0	13.65
366	0	0	13.65
367	0	0	13.65
368	0	0	13.65
369	0	0	13.65
370	0	0	13.65
371	0	0	13.65
372	0	0	13.65
373	0	0	13.65
374	0	0	13.65
375	0	0	13.65
376	0	0	13.65
377	0	0	13.65
378	0	0	13.65
379	0	0	13.65
380	0	0	13.65
381	0	0	13.65
382	0	0	13.65
383	0	0	13.65
384	0	0	13.65
385	0	0	13.65
386	0	0	13.65
387	0	0	13.65
388	0	0	13.65
389	0	0	13.65
390	0	0	13.65
391	0	0	13.65
392	0	0	13.65
393	0	0	13.65
394	0	0	13.65
395	0	0	13.38
396	0	0	13.38
397	0	0	13.38
398	0	0	13.38
399	0	0	13.38
400	0	0	13.38
401	0	0	13.38
402	0	0	13.38
403	0	0	13.38
404	0	0	13.38
405	0	0	13.38
406	0	0	13.38
407	0	0	13.38
408	0	0	13.38
409	0	0	13.38
410	0	0	13.38
411	0	0	13.38
412	0	0	13.38
413	0	0	13.38
414	0	0	13.38
415	0	0	13.38
416	0	0	13.38
417	0	0	13.38
418	0	0	13.38
419	0	0	13.38
420	0	0	13.38
421	0	0	13.38
422	0	0	13.38
423	0	0	13.38
424	0	0	13.38
425	0	0	13.38
426	0	0	12.97
427	0	0	12.97
428	0	0	12.97
429	0	0	12.97
430	0	0	12.97
431	0	0	12.97
432	0	0	12.97
433	0	0	12.97
434	0	0	12.97
435	0	0	12.97
436	0	0	12.97
437	0	0	12.97
438	0	0	12.97
439	0	0	12.97
440	0	0	12.97
441	0	0	12.97
442	0	0	12.97
443	0	0	12.97
444	0	0	12.97
445	0	0	12.97
446	0	0	12.97
447	0	0	12.97
448	0	0	12.97
449	0	0	12.97
450	0	0	12.97
451	0	0	12.97
452	0	0	12.97
453	0	0	12.97
454	0	0	12.97
455	0	0	12.97
456	0	0	12.97
457	0	0	12.77
458	0	0	12.77
459	0	0	12.77
460	0	0	12.77
461	0	0	12.77
462	0	0	12.77
463	0	0	12.77
464	0	0	12.77
465	0	0	12.77
466	0	0	12.77
467	0	0	12.77
468	0	0	12.77
469	0	0	12.77
470	0	0	12.77
471	0	0	12.77
472	0	0	12.77
473	0	0	12.77
474	0	0	12.77
475	0	0	12.77
476	0	0	12.77
477	0	0	12.77
478	0	0	12.77
479	0	0	12.77
480	0	0	12.77
481	0	0	12.77
482	0	0	12.77
483	0	0	12.77
484	0	0	12.77
485	0	0	12.77
486	0	0	12.77
487	0	0	12.77
488	0	0	12.77
489	0	0	12.77
490	0	0	12.77
491	0	0	12.77
492	0	0	12.77
493	0	0	12.77
494	0	0	12.77
495	0	0	12.77
496	0	0	12.77
497	0	0	12.77
498	0	0	12.77
499	0	0	12.77
500	0	0	12.77
501	0	0	12.77
502	0	0	12.77
503	0	0	12.77
504	0	0	12.77
505	0	0	12.77
506	0	0	12.77
507	0	0	12.77
508	0	0	12.77
509	0	0	12.77
510	0	0	12.77
511	0	0	12.77
512	0	0	12.77
513	0	0	12.77
514	0	0	12.77
515	0	0	12.77
516	0	0	12.77
517	0	0	12.77
518	0	0	12.77
519	0	0	12.77
520	0	0	12.77
521	0	0	12.77
522	0	0	12.77
523	0	0	12.77
524	0	0	12.77
525	0	0	12.77
526	0	0	12.77
527	0	0	12.77
528	0	0	12.77
529	0	0	12.77
530	0	0	12.77
531	0	0	12.77
532	0	0	12.77
533	0	0	12.77
534	0	0	12.77
535	0	0	12.77
536	0	0	12.77
537	0	0	12.77
538	0	0	12.77
539	0	0	12.77
540	0	0	12.77
541	0	0	12.77
542	0	0	12.77
543	0	0	12.77
544	0	0	12.77
545	0	0	12.77
546	0	0	12.77
547	0	0	12.77
548	0	0	12.77
549	0	0	12.77
550	0	0	12.77
551	0	0	12.77
552	0	0	12.77
553	0	0	12.77
554	0	0	12.77
555	0	0	12.77
556	0	0	12.77
557	0	0	12.77
558	0	0	12.77
559	0	0	12.77
560	0	0	12.77
561	0	0	12.77
562	0	0	12.77
563	0	0	12.77
564	0	0	12.77
565	0	0	12.77
566	0	0	12.77
567	0	0	12.77
568	0	0	12.77
569	0	0	12.77
570	0	0	12.77
571	0	0	12.77
572	0	0	12.77
573	0	0	12.77
574	0	0	12.77
575	0	0	12.77
576	0	0	12.77
577	0	0	12.77
578	0	0	12.77
579	0	0	14.56
580	0	0	14.56
581	0	0	14.56
582	0	0	14.56
583	0	0	14.56
584	0	0	14.56
585	0	0	14.56
586	0	0	14.56
587	0	0	14.56
588	0	0	14.56
589	0	0	14.56
590	0	0	14.56
591	0	0	14.56
592	0	0	14.56
593	0	0	14.56
594	0	0	14.56
595	0	0	14.56
596	0	0	14.56
597	0	0	14.56
598	0	0	14.56
599	0	0	14.56
600	0	0	14.56
601	0	0	14.56
602	0	0	14.56
603	0	0	14.56
604	0	0	14.56
605	0	0	14.56
606	0	0	14.56
607	0	0	14.56
608	0	0	14.56
609	0	0	14.56
610	0	0	14.56
611	0	0	14.56
612	0	0	14.56
613	0	0	14.56
614	0	0	14.56
615	0	0	14.56
616	0	0	14.56
617	0	0	14.56
618	0	0	14.56
619	0	0	14.56
620	0	0	14.56
621	0	0	14.56
622	0	0	14.56
623	0	0	14.56
624	0	0	14.56
625	0	0	14.56
626	0	0	14.56
627	0	0	14.56
628	0	0	14.56
629	0	0	14.56
630	0	0	14.56
631	0	0	14.56
632	0	0	14.56
633	0	0	14.56
634	0	0	14.56
635	0	0	14.56
636	0	0	14.56
637	0	0	14.56
638	0	0	14.24
639	0	0	14.24
640	0	0	14.24
641	0	0	14.24
642	0	0	14.24
643	0	0	14.24
644	0	0	14.24
645	0	0	14.24
646	0	0	14.24
647	0	0	14.24
648	0	0	14.24
649	0	0	14.24
650	0	0	14.24
651	0	0	14.24
652	0	0	14.24
653	0	0	14.24
654	0	0	14.24
655	0	0	14.24
656	0	0	14.24
657	0	0	14.24
658	0	0	14.24
659	0	0	14.24
660	0	0	14.24
661	0	0	14.24
662	0	0	14.24
663	0	0	14.24
664	0	0	14.24
665	0	0	14.24
666	0	0	14.24
667	0	0	14.24
668	0	0	14.24
669	0	0	14.25
670	0	0	14.25
671	0	0	14.25
672	0	0	14.25
673	0	0	14.25
674	0	0	14.25
675	0	0	14.25
676	0	0	14.25
677	0	0	14.25
678	0	0	14.25
679	0	0	14.25
680	0	0	14.25
681	0	0	14.25
682	0	0	14.25
683	0	0	14.25
684	0	0	14.25
685	0	0	14.25
686	0	0	14.25
687	0	0	14.25
688	0	0	14.25
689	0	0	14.25
690	0	0	14.25
691	0	0	14.25
692	0	0	14.25
693	0	0	14.25
694	0	0	14.25
695	0	0	14.25
696	0	0	14.25
697	0	0	14.25
698	0	0	14.25
699	0	0	14.25
700	0	0	14.25
701	0	0	14.25
702	0	0	14.25
703	0	0	14.25
704	0	0	14.25
705	0	0	14.25
706	0	0	14.25
707	0	0	14.25
708	0	0	14.25
709	0	0	14.25
710	0	0	14.25
711	0	0	14.25
712	0	0	14.25
713	0	0	14.25
714	0	0	14.25
715	0	0	14.25
716	0	0	14.25
717	0	0	14.25
718	0	0	14.25
719	0	0	14.25
720	0	0	14.25
721	0	0	14.25
722	0	0	14.25
723	0	0	14.25
724	0	0	14.25
725	0	0	14.25
726	0	0	14.25
727	0	0	14.25
728	0	0	14.25
729	0	0	14.25
730	0	0	13.65
731	0	0	13.65
732	0	0	13.65
733	0	0	13.65
734	0	0	13.65
735	0	0	13.65
736	0	0	13.65
737	0	0	13.65
738	0	0	13.65
739	0	0	13.65
740	0	0	13.65
741	0	0	13.65
742	0	0	13.65
743	0	0	13.65
744	0	0	13.65
745	0	0	13.65
746	0	0	13.65
747	0	0	13.65
748	0	0	13.65
749	0	0	13.65
750	0	0	13.65
751	0	0	13.65
752	0	0	13.65
753	0	0	13.65
754	0	0	13.65
755	0	0	13.65
756	0	0	13.65
757	0	0	13.65
758	0	0	13.65
759	0	0	13.65
760	0	0	13.38
761	0	0	13.38
762	0	0	13.38
763	0	0	13.38
764	0	0	13.38
765	0	0	13.38
766	0	0	13.38
767	0	0	13.38
768	0	0	13.38
769	0	0	13.38
770	0	0	13.38
771	0	0	13.38
772	0	0	13.38
773	0	0	13.38
774	0	0	13.38
775	0	0	13.38
776	0	0	13.38
777	0	0	13.38
778	0	0	13.38
779	0	0	13.38
780	0	0	13.38
781	0	0	13.38
782	0	0	13.38
783	0	0	13.38
784	0	0	13.38
785	0	0	13.38
786	0	0	13.38
787	0	0	13.38
788	0	0	13.38
789	0	0	13.38
790	0	0	13.38
791	0	0	12.97
792	0	0	12.97
793	0	0	12.97
794	0	0	12.97
795	0	0	12.97
796	0	0	12.97
797	0	0	12.97
798	0	0	12.97
799	0	0	12.97
800	0	0	12.97
801	0	0	12.97
802	0	0	12.97
803	0	0	12.97
804	0	0	12.97
805	0	0	12.97
806	0	0	12.97
807	0	0	12.97
808	0	0	12.97
809	0	0	12.97
810	0	0	12.97
811	0	0	12.97
812	0	0	12.97
813	0	0	12.97
814	0	0	12.97
815	0	0	12.97
816	0	0	12.97
817	0	0	12.97
818	0	0	12.97
819	0	0	12.97
820	0	0	12.97
821	0	0	12.97
822	0	0	12.77
823	0	0	12.77
824	0	0	12.77
825	0	0	12.77
826	0	0	12.77
827	0	0	12.77
828	0	0	12.77
829	0	0	12.77
830	0	0	12.77
831	0	0	12.77
832	0	0	12.77
833	0	0	12.77
834	0	0	12.77
835	0	0	12.77
836	0	0	12.77
837	0	0	12.77
838	0	0	12.77
839	0	0	12.77
840	0	0	12.77
841	0	0	12.77
842	0	0	12.77
843	0	0	12.77
844	0	0	12.77
845	0	0	12.77
846	0	0	12.77
847	0	0	12.77
848	0	0	12.77
849	0	0	12.77
850	0	0	12.77
851	0	0	12.77
852	0	0	12.77
853	0	0	12.77
854	0	0	12.77
855	0	0	12.77
856	0	0	12.77
857	0	0	12.77
858	0	0	12.77
859	0	0	12.77
860	0	0	12.77
861	0	0	12.77
862	0	0	12.77
863	0	0	12.77
864	0	0	12.77
865	0	0	12.77
866	0	0	12.77
867	0	0	12.77
868	0	0	12.77
869	0	0	12.77
870	0	0	12.77
871	0	0	12.77
872	0	0	12.77
873	0	0	12.77
874	0	0	12.77
875	0	0	12.77
876	0	0	12.77
877	0	0	12.77
878	0	0	12.77
879	0	0	12.77
880	0	0	12.77
881	0	0	12.77
882	0	0	12.77
883	0	0	12.77
884	0	0	12.77
885	0	0	12.77
886	0	0	12.77
887	0	0	12.77
888	0	0	12.77
889	0	0	12.77
890	0	0	12.77
891	0	0	12.77
892	0	0	12.77
893	0	0	12.77
894	0	0	12.77
895	0	0	12.77
896	0	0	12.77
897	0	0	12.77
898	0	0	12.77
899	0	0	12.77
900	0	0	12.77
901	0	0	12.77
902	0	0	12.77
903	0	0	12.77
904	0	0	12.77
905	0	0	12.77
906	0	0	12.77
907	0	0	12.77
908	0	0	12.77
909	0	0	12.77
910	0	0	12.77
911	0	0	12.77
912	0	0	12.77
913	0	0	12.77
914	0	0	12.77
915	0	0	12.77
916	0	0	12.77
917	0	0	12.77
918	0	0	12.77
919	0	0	12.77
920	0	0	12.77
921	0	0	12.77
922	0	0	12.77
923	0	0	12.77
924	0	0	12.77
925	0	0	12.77
926	0	0	12.77
927	0	0	12.77
928	0	0	12.77
929	0	0	12.77
930	0	0	12.77
931	0	0	12.77
932	0	0	12.77
933	0	0	12.77
934	0	0	12.77
935	0	0	12.77
936	0	0	12.77
937	0	0	12.77
938	0	0	12.77
939	0	0	12.77
940	0	0	12.77
941	0	0	12.77
942	0	0	12.77
943	0	0	12.77
944	0	0	14.56
945	0	0	14.56
946	0	0	14.56
947	0	0	14.56
948	0	0	14.56
949	0	0	14.56
950	0	0	14.56
951	0	0	14.56
952	0	0	14.56
953	0	0	14.56
954	0	0	14.56
955	0	0	14.56
956	0	0	14.56
957	0	0	14.56
958	0	0	14.56
959	0	0	14.56
960	0	0	14.56
961	0	0	14.56
962	0	0	14.56
963	0	0	14.56
964	0	0	14.56
965	0	0	14.56
966	0	0	14.56
967	0	0	14.56
968	0	0	14.56
969	0	0	14.56
970	0	0	14.56
971	0	0	14.56
972	0	0	14.56
973	0	0	14.56
974	0	0	14.56
975	0	0	14.56
976	0	0	14.56
977	0	0	14.56
978	0	0	14.56
979	0	0	14.56
980	0	0	14.56
981	0	0	14.56
982	0	0	14.56
983	0	0	14.56
984	0	0	14.56
985	0	0	14.56
986	0	0	14.56
987	0	0	14.56
988	0	0	14.56
989	0	0	14.56
990	0	0	14.56
991	0	0	14.56
992	0	0	14.56
993	0	0	14.56
994	0	0	14.56
995	0	0	14.56
996	0	0	14.56
997	0	0	14.56
998	0	0	14.56
999	0	0	14.56
1000	0	0	14.56
1001	0	0	14.56
1002	0	0	14.56
1003	0	0	14.24
1004	0	0	14.24
1005	0	0	14.24
1006	0	0	14.24
1007	0	0	14.24
1008	0	0	14.24
1009	0	0	14.24
1010	0	0	14.24
1011	0	0	14.24
1012	0	0	14.24
1013	0	0	14.24
1014	0	0	14.24
1015	0	0	14.24
1016	0	0	14.24
1017	0	0	14.24
1018	0	0	14.24
1019	0	0	14.24
1020	0	0	14.24
1021	0	0	14.24
1022	0	0	14.24
1023	0	0	14.24
1024	0	0	14.24
1025	0	0	14.24
1026	0	0	14.24
1027	0	0	14.24
1028	0	0	14.24
1029	0	0	14.24
1030	0	0	14.24
1031	0	0	14.24
1032	0	0	14.24
1033	0	0	14.24
1034	0	0	14.25
1035	0	0	14.25
1036	0	0	14.25
1037	0	0	14.25
1038	0	0	14.25
1039	0	0	14.25
1040	0	0	14.25
1041	0	0	14.25
1042	0	0	14.25
1043	0	0	14.25
1044	0	0	14.25
1045	0	0	14.25
1046	0	0	14.25
1047	0	0	14.25
1048	0	0	14.25
1049	0	0	14.25
1050	0	0	14.25
1051	0	0	14.25
1052	0	0	14.25
1053	0	0	14.25
1054	0	0	14.25
1055	0	0	14.25
1056	0	0	14.25
1057	0	0	14.25
1058	0	0	14.25
1059	0	0	14.25
1060	0	0	14.25
1061	0	0	14.25
1062	0	0	14.25
1063	0	0	14.25
1064	0	0	14.25
1065	0	0	14.25
1066	0	0	14.25
1067	0	0	14.25
1068	0	0	14.25
1069	0	0	14.25
1070	0	0	14.25
1071	0	0	14.25
1072	0	0	14.25
1073	0	0	14.25
1074	0	0	14.25
1075	0	0	14.25
1076	0	0	14.25
1077	0	0	14.25
1078	0	0	14.25
1079	0	0	14.25
1080	0	0	14.25
1081	0	0	14.25
1082	0	0	14.25
1083	0	0	14.25
1084	0	0	14.25
1085	0	0	14.25
1086	0	0	14.25
1087	0	0	14.25
1088	0	0	14.25
1089	0	0	14.25
1090	0	0	14.25
1091	0	0	14.25
1092	0	0	14.25
1093	0	0	14.25
1094	0	0	14.25
1095	0	0	13.65
1096	0	0	13.65
1097	0	0	13.65
1098	0	0	13.65
1099	0	0	13.65
1100	0	0	13.65
1101	0	0	13.65
1102	0	0	13.65
1103	0	0	13.65
1104	0	0	13.65
1105	0	0	13.65
1106	0	0	13.65
1107	0	0	13.65
1108	0	0	13.65
1109	0	0	13.65
1110	0	0	13.65
1111	0	0	13.65
1112	0	0	13.65
1113	0	0	13.65
1114	0	0	13.65
1115	0	0	13.65
1116	0	0	13.65
1117	0	0	13.65
1118	0	0	13.65
1119	0	0	13.65
1120	0	0	13.65
1121	0	0	13.65
1122	0	0	13.65
1123	0	0	13.65
1124	0	0	13.65
1125	0	0	13.38
1126	0	0	13.38
1127	0	0	13.38
1128	0	0	13.38
1129	0	0	13.38
1130	0	0	13.38
1131	0	0	13.38
1132	0	0	13.38
1133	0	0	13.38
1134	0	0	13.38
1135	0	0	13.38
1136	0	0	13.38
1137	0	0	13.38
1138	0	0	13.38
1139	0	0	13.38
1140	0	0	13.38
1141	0	0	13.38
1142	0	0	13.38
1143	0	0	13.38
1144	0	0	13.38
1145	0	0	13.38
1146	0	0	13.38
1147	0	0	13.38
1148	0	0	13.38
1149	0	0	13.38
1150	0	0	13.38
1151	0	0	13.38
1152	0	0	13.38
1153	0	0	13.38
1154	0	0	13.38
1155	0	0	13.38
1156	0	0	12.97
1157	0	0	12.97
1158	0	0	12.97
1159	0	0	12.97
1160	0	0	12.97
1161	0	0	12.97
1162	0	0	12.97
1163	0	0	12.97
1164	0	0	12.97
1165	0	0	12.97
1166	0	0	12.97
1167	0	0	12.97
1168	0	0	12.97
1169	0	0	12.97
1170	0	0	12.97
1171	0	0	12.97
1172	0	0	12.97
1173	0	0	12.97
1174	0	0	12.97
1175	0	0	12.97
1176	0	0	12.97
1177	0	0	12.97
1178	0	0	12.97
1179	0	0	12.97
1180	0	0	12.97
1181	0	0	12.97
1182	0	0	12.97
1183	0	0	12.97
1184	0	0	12.97
1185	0	0	12.97
1186	0	0	12.97
1187	0	0	12.77
1188	0	0	12.77
1189	0	0	12.77
1190	0	0	12.77
1191	0	0	12.77
1192	0	0	12.77
1193	0	0	12.77
1194	0	0	12.77
1195	0	0	12.77
1196	0	0	12.77
1197	0	0	12.77
1198	0	0	12.77
1199	0	0	12.77
1200	0	0	12.77
1201	0	0	12.77
1202	0	0	12.77
1203	0	0	12.77
1204	0	0	12.77
1205	0	0	12.77
1206	0	0	12.77
1207	0	0	12.77
1208	0	0	12.77
1209	0	0	12.77
1210	0	0	12.77
1211	0	0	12.77
1212	0	0	12.77
1213	0	0	12.77
1214	0	0	12.77
1215	0	0	12.77
1216	0	0	12.77
1217	0	0	12.77
1218	0	0	12.77
1219	0	0	12.77
1220	0	0	12.77
1221	0	0	12.77
1222	0	0	12.77
1223	0	0	12.77
1224	0	0	12.77
1225	0	0	12.77
1226	0	0	12.77
1227	0	0	12.77
1228	0	0	12.77
1229	0	0	12.77
1230	0	0	12.77
1231	0	0	12.77
1232	0	0	12.77
1233	0	0	12.77
1234	0	0	12.77
1235	0	0	12.77
1236	0	0	12.77
1237	0	0	12.77
1238	0	0	12.77
1239	0	0	12.77
1240	0	0	12.77
1241	0	0	12.77
1242	0	0	12.77
1243	0	0	12.77
1244	0	0	12.77
1245	0	0	12.77
1246	0	0	12.77
1247	0	0	12.77
1248	0	0	12.77
1249	0	0	12.77
1250	0	0	12.77
1251	0	0	12.77
1252	0	0	12.77
1253	0	0	12.77
1254	0	0	12.77
1255	0	0	12.77
1256	0	0	12.77
1257	0	0	12.77
1258	0	0	12.77
1259	0	0	12.77
1260	0	0	12.77
1261	0	0	12.77
1262	0	0	12.77
1263	0	0	12.77
1264	0	0	12.77
1265	0	0	12.77
1266	0	0	12.77
1267	0	0	12.77
1268	0	0	12.77
1269	0	0	12.77
1270	0	0	12.77
1271	0	0	12.77
1272	0	0	12.77
1273	0	0	12.77
1274	0	0	12.77
1275	0	0	12.77
1276	0	0	12.77
1277	0	0	12.77
1278	0	0	12.77
1279	0	0	12.77
1280	0	0	12.77
1281	0	0	12.77
1282	0	0	12.77
1283	0	0	12.77
1284	0	0	12.77
1285	0	0	12.77
1286	0	0	12.77
1287	0	0	12.77
1288	0	0	12.77
1289	0	0	12.77
1290	0	0	12.77
1291	0	0	12.77
1292	0	0	12.77
1293	0	0	12.77
1294	0	0	12.77
1295	0	0	12.77
1296	0	0	12.77
1297	0	0	12.77
1298	0	0	12.77
1299	0	0	12.77
1300	0	0	12.77
1301	0	0	12.77
1302	0	0	12.77
1303	0	0	12.77
1304	0	0	12.77
1305	0	0	12.77
1306	0	0	12.77
1307	0	0	12.77
1308	0	0	12.77
1309	0	0	14.56
1310	0	0	14.56
1311	0	0	14.56
1312	0	0	14.56
1313	0	0	14.56
1314	0	0	14.56
1315	0	0	14.56
1316	0	0	14.56
1317	0	0	14.56
1318	0	0	14.56
1319	0	0	14.56
1320	0	0	14.56
1321	0	0	14.56
1322	0	0	14.56
1323	0	0	14.56
1324	0	0	14.56
1325	0	0	14.56
1326	0	0	14.56
1327	0	0	14.56
1328	0	0	14.56
1329	0	0	14.56
1330	0	0	14.56
1331	0	0	14.56
1332	0	0	14.56
1333	0	0	14.56
1334	0	0	14.56
1335	0	0	14.56
1336	0	0	14.56
1337	0	0	14.56
1338	0	0	14.56
1339	0	0	14.56
1340	0	0	14.56
1341	0	0	14.56
1342	0	0	14.56
1343	0	0	14.56
1344	0	0	14.56
1345	0	0	14.56
1346	0	0	14.56
1347	0	0	14.56
1348	0	0	14.56
1349	0	0	14.56
1350	0	0	14.56
1351	0	0	14.56
1352	0	0	14.56
1353	0	0	14.56
1354	0	0	14.56
1355	0	0	14.56
1356	0	0	14.56
1357	0	0	14.56
1358	0	0	14.56
1359	0	0	14.56
1360	0	0	14.56
1361	0	0	14.56
1362	0	0	14.56
1363	0	0	14.56
1364	0	0	14.56
1365	0	0	14.56
1366	0	0	14.56
1367	0	0	14.56
1368	0	0	14.56
1369	0	0	14.24
1370	0	0	14.24
1371	0	0	14.24
1372	0	0	14.24
1373	0	0	14.24
1374	0	0	14.24
1375	0	0	14.24
1376	0	0	14.24
1377	0	0	14.24
1378	0	0	14.24
1379	0	0	14.24
1380	0	0	14.24
1381	0	0	14.24
1382	0	0	14.24
1383	0	0	14.24
1384	0	0	14.24
1385	0	0	14.24
1386	0	0	14.24
1387	0	0	14.24
1388	0	0	14.24
1389	0	0	14.24
1390	0	0	14.24
1391	0	0	14.24
1392	0	0	14.24
1393	0	0	14.24
1394	0	0	14.24
1395	0	0	14.24
1396	0	0	14.24
1397	0	0	14.24
1398	0	0	14.24
1399	0	0	14.24
1400	0	0	14.25
1401	0	0	14.25
1402	0	0	14.25
1403	0	0	14.25
1404	0	0	14.25
1405	0	0	14.25
1406	0	0	14.25
1407	0	0	14.25
1408	0	0	14.25
1409	0	0	14.25
1410	0	0	14.25
1411	0	0	14.25
1412	0	0	14.25
1413	0	0	14.25
1414	0	0	14.25
1415	0	0	14.25
1416	0	0	14.25
1417	0	0	14.25
1418	0	0	14.25
1419	0	0	14.25
1420	0	0	14.25
1421	0	0	14.25
1422	0	0	14.25
1423	0	0	14.25
1424	0	0	14.25
1425	0	0	14.25
1426	0	0	14.25
1427	0	0	14.25
1428	0	0	14.25
1429	0	0	14.25
1430	0	0	14.25
1431	0	0	14.25
1432	0	0	14.25
1433	0	0	14.25
1434	0	0	14.25
1435	0	0	14.25
1436	0	0	14.25
1437	0	0	14.25
1438	0	0	14.25
1439	0	0	14.25
1440	0	0	14.25
1441	0	0	14.25
1442	0	0	14.25
1443	0	0	14.25
1444	0	0	14.25
1445	0	0	14.25
1446	0	0	14.25
1447	0	0	14.25
1448	0	0	14.25
1449	0	0	14.25
1450	0	0	14.25
1451	0	0	14.25
1452	0	0	14.25
1453	0	0	14.25
1454	0	0	14.25
1455	0	0	14.25
1456	0	0	14.25
1457	0	0	14.25
1458	0	0	14.25
1459	0	0	14.25
1460	0	0	14.25
1461	0	0	13.65
1462	0	0	13.65
1463	0	0	13.65
1464	0	0	13.65
1465	0	0	13.65
1466	0	0	13.65
1467	0	0	13.65
1468	0	0	13.65
1469	0	0	13.65
1470	0	0	13.65
1471	0	0	13.65
1472	0	0	13.65
1473	0	0	13.65
1474	0	0	13.65
1475	0	0	13.65
1476	0	0	13.65
1477	0	0	13.65
1478	0	0	13.65
1479	0	0	13.65
1480	0	0	13.65
1481	0	0	13.65
1482	0	0	13.65
1483	0	0	13.65
1484	0	0	13.65
1485	0	0	13.65
1486	0	0	13.65
1487	0	0	13.65
1488	0	0	13.65
1489	0	0	13.65
1490	0	0	13.65
1491	0	0	13.38
1492	0	0	13.38
1493	0	0	13.38
1494	0	0	13.38
1495	0	0	13.38
1496	0	0	13.38
1497	0	0	13.38
1498	0	0	13.38
1499	0	0	13.38
1500	0	0	13.38
1501	0	0	13.38
1502	0	0	13.38
1503	0	0	13.38
1504	0	0	13.38
1505	0	0	13.38
1506	0	0	13.38
1507	0	0	13.38
1508	0	0	13.38
1509	0	0	13.38
1510	0	0	13.38
1511	0	0	13.38
1512	0	0	13.38
1513	0	0	13.38
1514	0	0	13.38
1515	0	0	13.38
1516	0	0	13.38
1517	0	0	13.38
1518	0	0	13.38
1519	0	0	13.38
1520	0	0	13.38
1521	0	0	13.38
1522	0	0	12.97
1523	0	0	12.97
1524	0	0	12.97
1525	0	0	12.97
1526	0	0	12.97
1527	0	0	12.97
1528	0	0	12.97
1529	0	0	12.97
1530	0	0	12.97
1531	0	0	12.97
1532	0	0	12.97
1533	0	0	12.97
1534	0	0	12.97
1535	0	0	12.97
1536	0	0	12.97
1537	0	0	12.97
1538	0	0	12.97
1539	0	0	12.97
1540	0	0	12.97
1541	0	0	12.97
1542	0	0	12.97
1543	0	0	12.97
1544	0	0	12.97
1545	0	0	12.97
1546	0	0	12.97
1547	0	0	12.97
1548	0	0	12.97
1549	0	0	12.97
1550	0	0	12.97
1551	0	0	12.97
1552	0	0	12.97
1553	0	0	12.77
1554	0	0	12.77
1555	0	0	12.77
1556	0	0	12.77
1557	0	0	12.77
1558	0	0	12.77
1559	0	0	12.77
1560	0	0	12.77
1561	0	0	12.77
1562	0	0	12.77
1563	0	0	12.77
1564	0	0	12.77
1565	0	0	12.77
1566	0	0	12.77
1567	0	0	12.77
1568	0	0	12.77
1569	0	0	12.77
1570	0	0	12.77
1571	0	0	12.77
1572	0	0	12.77
1573	0	0	12.77
1574	0	0	12.77
1575	0	0	12.77
1576	0	0	12.77
1577	0	0	12.77
1578	0	0	12.77
1579	0	0	12.77
1580	0	0	12.77
1581	0	0	12.77
1582	0	0	12.77
1583	0	0	12.77
1584	0	0	12.77
1585	0	0	12.77
1586	0	0	12.77
1587	0	0	12.77
1588	0	0	12.77
1589	0	0	12.77
1590	0	0	12.77
1591	0	0	12.77
1592	0	0	12.77
1593	0	0	12.77
1594	0	0	12.77
1595	0	0	12.77
1596	0	0	12.77
1597	0	0	12.77
1598	0	0	12.77
1599	0	0	12.77
1600	0	0	12.77
1601	0	0	12.77
1602	0	0	12.77
1603	0	0	12.77
1604	0	0	12.77
1605	0	0	12.77
1606	0	0	12.77
1607	0	0	12.77
1608	0	0	12.77
1609	0	0	12.77
1610	0	0	12.77
1611	0	0	12.77
1612	0	0	12.77
1613	0	0	12.77
1614	0	0	12.77
1615	0	0	12.77
1616	0	0	12.77
1617	0	0	12.77
1618	0	0	12.77
1619	0	0	12.77
1620	0	0	12.77
1621	0	0	12.77
1622	0	0	12.77
1623	0	0	12.77
1624	0	0	12.77
1625	0	0	12.77
1626	0	0	12.77
1627	0	0	12.77
1628	0	0	12.77
1629	0	0	12.77
1630	0	0	12.77
1631	0	0	12.77
1632	0	0	12.77
1633	0	0	12.77
1634	0	0	12.77
1635	0	0	12.77
1636	0	0	12.77
1637	0	0	12.77
1638	0	0	12.77
1639	0	0	12.77
1640	0	0	12.77
1641	0	0	12.77
1642	0	0	12.77
1643	0	0	12.77
1644	0	0	12.77
1645	0	0	12.77
1646	0	0	12.77
1647	0	0	12.77
1648	0	0	12.77
1649	0	0	12.77
1650	0	0	12.77
1651	0	0	12.77
1652	0	0	12.77
1653	0	0	12.77
1654	0	0	12.77
1655	0	0	12.77
1656	0	0	12.77
1657	0	0	12.77
1658	0	0	12.77
1659	0	0	12.77
1660	0	0	12.77
1661	0	0	12.77
1662	0	0	12.77
1663	0	0	12.77
1664	0	0	12.77
1665	0	0	12.77
1666	0	0	12.77
1667	0	0	12.77
1668	0	0	12.77
1669	0	0	12.77
1670	0	0	12.77
1671	0	0	12.77
1672	0	0	12.77
1673	0	0	12.77
1674	0	0	12.77
1675	0	0	14.56
1676	0	0	14.56
1677	0	0	14.56
1678	0	0	14.56
1679	0	0	14.56
1680	0	0	14.56
1681	0	0	14.56
1682	0	0	14.56
1683	0	0	14.56
1684	0	0	14.56
1685	0	0	14.56
1686	0	0	14.56
1687	0	0	14.56
1688	0	0	14.56
1689	0	0	14.56
1690	0	0	14.56
1691	0	0	14.56
1692	0	0	14.56
1693	0	0	14.56
1694	0	0	14.56
1695	0	0	14.56
1696	0	0	14.56
1697	0	0	14.56
1698	0	0	14.56
1699	0	0	14.56
1700	0	0	14.56
1701	0	0	14.56
1702	0	0	14.56
1703	0	0	14.56
1704	0	0	14.56
1705	0	0	14.56
1706	0	0	14.56
1707	0	0	14.56
1708	0	0	14.56
1709	0	0	14.56
1710	0	0	14.56
1711	0	0	14.56
1712	0	0	14.56
1713	0	0	14.56
1714	0	0	14.56
1715	0	0	14.56
1716	0	0	14.56
1717	0	0	14.56
1718	0	0	14.56
1719	0	0	14.56
1720	0	0	14.56
1721	0	0	14.56
1722	0	0	14.56
1723	0	0	14.56
1724	0	0	14.56
1725	0	0	14.56
1726	0	0	14.56
1727	0	0	14.56
1728	0	0	14.56
1729	0	0	14.56
1730	0	0	14.56
1731	0	0	14.56
1732	0	0	14.56
1733	0	0	14.56
1734	0	0	14.24
1735	0	0	14.24
1736	0	0	14.24
1737	0	0	14.24
1738	0	0	14.24
1739	0	0	14.24
1740	0	0	14.24
1741	0	0	14.24
1742	0	0	14.24
1743	0	0	14.24
1744	0	0	14.24
1745	0	0	14.24
1746	0	0	14.24
1747	0	0	14.24
1748	0	0	14.24
1749	0	0	14.24
1750	0	0	14.24
1751	0	0	14.24
1752	0	0	14.24
1753	0	0	14.24
1754	0	0	14.24
1755	0	0	14.24
1756	0	0	14.24
1757	0	0	14.24
1758	0	0	14.24
1759	0	0	14.24
1760	0	0	14.24
1761	0	0	14.24
1762	0	0	14.24
1763	0	0	14.24
1764	0	0	14.24
1765	0	0	14.25
1766	0	0	14.25
1767	0	0	14.25
1768	0	0	14.25
1769	0	0	14.25
1770	0	0	14.25
1771	0	0	14.25
1772	0	0	14.25
1773	0	0	14.25
1774	0	0	14.25
1775	0	0	14.25
1776	0	0	14.25
1777	0	0	14.25
1778	0	0	14.25
1779	0	0	14.25
1780	0	0	14.25
1781	0	0	14.25
1782	0	0	14.25
1783	0	0	14.25
1784	0	0	14.25
1785	0	0	14.25
1786	0	0	14.25
1787	0	0	14.25
1788	0	0	14.25
1789	0	0	14.25
1790	0	0	14.25
1791	0	0	14.25
1792	0	0	14.25
1793	0	0	14.25
1794	0	0	14.25
1795	0	0	14.25
1796	0	0	14.25
1797	0	0	14.25
1798	0	0	14.25
1799	0	0	14.25
1800	0	0	14.25
1801	0	0	14.25
1802	0	0	14.25
1803	0	0	14.25
1804	0	0	14.25
1805	0	0	14.25
1806	0	0	14.25
1807	0	0	14.25
1808	0	0	14.25
1809	0	0	14.25
1810	0	0	14.25
1811	0	0	14.25
1812	0	0	14.25
1813	0	0	14.25
1814	0	0	14.25
1815	0	0	14.25
1816	0	0	14.25
1817	0	0	14.25
1818	0	0	14.25
1819	0	0	14.25
1820	0	0	14.25
1821	0	0	14.25
1822	0	0	14.25
1823	0	0	14.25
1824	0	0	14.25
1825	0	0	14.25
1826	0	0	13.65
1827	0	0	13.65
1828	0	0	13.65
1829	0	0	13.65
1830	0	0	13.65
1831	0	0	13.65
1832	0	0	13.65
1833	0	0	13.65
1834	0	0	13.65
1835	0	0	13.65
1836	0	0	13.65
1837	0	0	13.65
1838	0	0	13.65
1839	0	0	13.65
1840	0	0	13.65
1841	0	0	13.65
1842	0	0	13.65
1843	0	0	13.65
1844	0	0	13.65
1845	0	0	13.65
1846	0	0	13.65
1847	0	0	13.65
1848	0	0	13.65
1849	0	0	13.65
1850	0	0	13.65
1851	0	0	13.65
1852	0	0	13.65
1853	0	0	13.65
1854	0	0	13.65
1855	0	0	13.65
1856	0	0	13.38
1857	0	0	13.38
1858	0	0	13.38
1859	0	0	13.38
1860	0	0	13.38
1861	0	0	13.38
1862	0	0	13.38
1863	0	0	13.38
1864	0	0	13.38
1865	0	0	13.38
1866	0	0	13.38
1867	0	0	13.38
1868	0	0	13.38
1869	0	0	13.38
1870	0	0	13.38
1871	0	0	13.38
1872	0	0	13.38
1873	0	0	13.38
1874	0	0	13.38
1875	0	0	13.38
1876	0	0	13.38
1877	0	0	13.38
1878	0	0	13.38
1879	0	0	13.38
1880	0	0	13.38
1881	0	0	13.38
1882	0	0	13.38
1883	0	0	13.38
1884	0	0	13.38
1885	0	0	13.38
1886	0	0	13.38
1887	0	0	12.97
1888	0	0	12.97
1889	0	0	12.97
1890	0	0	12.97
1891	0	0	12.97
1892	0	0	12.97
1893	0	0	12.97
1894	0	0	12.97
1895	0	0	12.97
1896	0	0	12.97
1897	0	0	12.97
1898	0	0	12.97
1899	0	0	12.97
1900	0	0	12.97
1901	0	0	12.97
1902	0	0	12.97
1903	0	0	12.97
1904	0	0	12.97
1905	0	0	12.97
1906	0	0	12.97
1907	0	0	12.97
1908	0	0	12.97
1909	0	0	12.97
1910	0	0	12.97
1911	0	0	12.97
1912	0	0	12.97
1913	0	0	12.97
1914	0	0	12.97
1915	0	0	12.97
1916	0	0	12.97
1917	0	0	12.97
1918	0	0	12.77
1919	0	0	12.77
1920	0	0	12.77
1921	0	0	12.77
1922	0	0	12.77
1923	0	0	12.77
1924	0	0	12.77
1925	0	0	12.77
1926	0	0	12.77
1927	0	0	12.77
1928	0	0	12.77
1929	0	0	12.77
1930	0	0	12.77
1931	0	0	12.77
1932	0	0	12.77
1933	0	0	12.77
1934	0	0	12.77
1935	0	0	12.77
1936	0	0	12.77
1937	0	0	12.77
1938	0	0	12.77
1939	0	0	12.77
1940	0	0	12.77
1941	0	0	12.77
1942	0	0	12.77
1943	0	0	12.77
1944	0	0	12.77
1945	0	0	12.77
1946	0	0	12.77
1947	0	0	12.77
1948	0	0	12.77
1949	0	0	12.77
1950	0	0	12.77
1951	0	0	12.77
1952	0	0	12.77
1953	0	0	12.77
1954	0	0	12.77
1955	0	0	12.77
1956	0	0	12.77
1957	0	0	12.77
1958	0	0	12.77
1959	0	0	12.77
1960	0	0	12.77
1961	0	0	12.77
1962	0	0	12.77
1963	0	0	12.77
1964	0	0	12.77
1965	0	0	12.77
1966	0	0	12.77
1967	0	0	12.77
1968	0	0	12.77
1969	0	0	12.77
1970	0	0	12.77
1971	0	0	12.77
1972	0	0	12.77
1973	0	0	12.77
1974	0	0	12.77
1975	0	0	12.77
1976	0	0	12.77
1977	0	0	12.77
1978	0	0	12.77
1979	0	0	12.77
1980	0	0	12.77
1981	0	0	12.77
1982	0	0	12.77
1983	0	0	12.77
1984	0	0	12.77
1985	0	0	12.77
1986	0	0	12.77
1987	0	0	12.77
1988	0	0	12.77
1989	0	0	12.77
1990	0	0	12.77
1991	0	0	12.77
1992	0	0	12.77
1993	0	0	12.77
1994	0	0	12.77
1995	0	0	12.77
1996	0	0	12.77
1997	0	0	12.77
1998	0	0	12.77
1999	0	0	12.77
2000	0	0	12.77
2001	0	0	12.77
2002	0	0	12.77
2003	0	0	12.77
2004	0	0	12.77
2005	0	0	12.77
2006	0	0	12.77
2007	0	0	12.77
2008	0	0	12.77
2009	0	0	12.77
2010	0	0	12.77
2011	0	0	12.77
2012	0	0	12.77
2013	0	0	12.77
2014	0	0	12.77
2015	0	0	12.77
2016	0	0	12.77
2017	0	0	12.77
2018	0	0	12.77
2019	0	0	12.77
2020	0	0	12.77
2021	0	0	12.77
2022	0	0	12.77
2023	0	0	12.77
2024	0	0	12.77
2025	0	0	12.77
2026	0	0	12.77
2027	0	0	12.77
2028	0	0	12.77
2029	0	0	12.77
2030	0	0	12.77
2031	0	0	12.77
2032	0	0	12.77
2033	0	0	12.77
2034	0	0	12.77
2035	0	0	12.77
2036	0	0	12.77
2037	0	0	12.77
2038	0	0	12.77
2039	0	0	12.77
2040	0	0	14.56
2041	0	0	14.56
2042	0	0	14.56
2043	0	0	14.56
2044	0	0	14.56
2045	0	0	14.56
2046	0	0	14.56
2047	0	0	14.56
2048	0	0	14.56
2049	0	0	14.56
2050	0	0	14.56
2051	0	0	14.56
2052	0	0	14.56
2053	0	0	14.56
2054	0	0	14.56
2055	0	0	14.56
2056	0	0	14.56
2057	0	0	14.56
2058	0	0	14.56
2059	0	0	14.56
2060	0	0	14.56
2061	0	0	14.56
2062	0	0	14.56
2063	0	0	14.56
2064	0	0	14.56
2065	0	0	14.56
2066	0	0	14.56
2067	0	0	14.56
2068	0	0	14.56
2069	0	0	14.56
2070	0	0	14.56
2071	0	0	14.56
2072	0	0	14.56
2073	0	0	14.56
2074	0	0	14.56
2075	0	0	14.56
2076	0	0	14.56
2077	0	0	14.56
2078	0	0	14.56
2079	0	0	14.56
2080	0	0	14.56
2081	0	0	14.56
2082	0	0	14.56
2083	0	0	14.56
2084	0	0	14.56
2085	0	0	14.56
2086	0	0	14.56
2087	0	0	14.56
2088	0	0	14.56
2089	0	0	14.56
2090	0	0	14.56
2091	0	0	14.56
2092	0	0	14.56
2093	0	0	14.56
2094	0	0	14.56
2095	0	0	14.56
2096	0	0	14.56
2097	0	0	14.56
2098	0	0	14.56
2099	0	0	14.24
2100	0	0	14.24
2101	0	0	14.24
2102	0	0	14.24
2103	0	0	14.24
2104	0	0	14.24
2105	0	0	14.24
2106	0	0	14.24
2107	0	0	14.24
2108	0	0	14.24
2109	0	0	14.24
2110	0	0	14.24
2111	0	0	14.24
2112	0	0	14.24
2113	0	0	14.24
2114	0	0	14.24
2115	0	0	14.24
2116	0	0	14.24
2117	0	0	14.24
2118	0	0	14.24
2119	0	0	14.24
2120	0	0	14.24
2121	0	0	14.24
2122	0	0	14.24
2123	0	0	14.24
2124	0	0	14.24
2125	0	0	14.24
2126	0	0	14.24
2127	0	0	14.24
2128	0	0	14.24
2129	0	0	14.24
2130	0	0	14.25
2131	0	0	14.25
2132	0	0	14.25
2133	0	0	14.25
2134	0	0	14.25
2135	0	0	14.25
2136	0	0	14.25
2137	0	0	14.25
2138	0	0	14.25
2139	0	0	14.25
2140	0	0	14.25
2141	0	0	14.25
2142	0	0	14.25
2143	0	0	14.25
2144	0	0	14.25
2145	0	0	14.25
2146	0	0	14.25
2147	0	0	14.25
2148	0	0	14.25
2149	0	0	14.25
2150	0	0	14.25
2151	0	0	14.25
2152	0	0	14.25
2153	0	0	14.25
2154	0	0	14.25
2155	0	0	14.25
2156	0	0	14.25
2157	0	0	14.25
2158	0	0	14.25
2159	0	0	14.25
2160	0	0	14.25
2161	0	0	14.25
2162	0	0	14.25
2163	0	0	14.25
2164	0	0	14.25
2165	0	0	14.25
2166	0	0	14.25
2167	0	0	14.25
2168	0	0	14.25
2169	0	0	14.25
2170	0	0	14.25
2171	0	0	14.25
2172	0	0	14.25
2173	0	0	14.25
2174	0	0	14.25
2175	0	0	14.25
2176	0	0	14.25
2177	0	0	14.25
2178	0	0	14.25
2179	0	0	14.25
2180	0	0	14.25
2181	0	0	14.25
2182	0	0	14.25
2183	0	0	14.25
2184	0	0	14.25
2185	0	0	14.25
2186	0	0	14.25
2187	0	0	14.25
2188	0	0	14.25
2189	0	0	14.25
2190	0	0	14.25
2191	0	0	13.65
2192	0	0	13.65
2193	0	0	13.65
2194	0	0	13.65
2195	0	0	13.65
2196	0	0	13.65
2197	0	0	13.65
2198	0	0	13.65
2199	0	0	13.65
2200	0	0	13.65
2201	0	0	13.65
2202	0	0	13.65
2203	0	0	13.65
2204	0	0	13.65
2205	0	0	13.65
2206	0	0	13.65
2207	0	0	13.65
2208	0	0	13.65
2209	0	0	13.65
2210	0	0	13.65
2211	0	0	13.65
2212	0	0	13.65
2213	0	0	13.65
2214	0	0	13.65
2215	0	0	13.65
2216	0	0	13.65
2217	0	0	13.65
2218	0	0	13.65
2219	0	0	13.65
2220	0	0	13.65
2221	0	0	13.38
2222	0	0	13.38
2223	0	0	13.38
2224	0	0	13.38
2225	0	0	13.38
2226	0	0	13.38
2227	0	0	13.38
2228	0	0	13.38
2229	0	0	13.38
2230	0	0	13.38
2231	0	0	13.38
2232	0	0	13.38
2233	0	0	13.38
2234	0	0	13.38
2235	0	0	13.38
2236	0	0	13.38
2237	0	0	13.38
2238	0	0	13.38
2239	0	0	13.38
2240	0	0	13.38
2241	0	0	13.38
2242	0	0	13.38
2243	0	0	13.38
2244	0	0	13.38
2245	0	0	13.38
2246	0	0	13.38
2247	0	0	13.38
2248	0	0	13.38
2249	0	0	13.38
2250	0	0	13.38
2251	0	0	13.38
2252	0	0	12.97
2253	0	0	12.97
2254	0	0	12.97
2255	0	0	12.97
2256	0	0	12.97
2257	0	0	12.97
2258	0	0	12.97
2259	0	0	12.97
2260	0	0	12.97
2261	0	0	12.97
2262	0	0	12.97
2263	0	0	12.97
2264	0	0	12.97
2265	0	0	12.97
2266	0	0	12.97
2267	0	0	12.97
2268	0	0	12.97
2269	0	0	12.97
2270	0	0	12.97
2271	0	0	12.97
2272	0	0	12.97
2273	0	0	12.97
2274	0	0	12.97
2275	0	0	12.97
2276	0	0	12.97
2277	0	0	12.97
2278	0	0	12.97
2279	0	0	12.97
2280	0	0	12.97
2281	0	0	12.97
2282	0	0	12.97
2283	0	0	12.77
2284	0	0	12.77
2285	0	0	12.77
2286	0	0	12.77
2287	0	0	12.77
2288	0	0	12.77
2289	0	0	12.77
2290	0	0	12.77
2291	0	0	12.77
2292	0	0	12.77
2293	0	0	12.77
2294	0	0	12.77
2295	0	0	12.77
2296	0	0	12.77
2297	0	0	12.77
2298	0	0	12.77
2299	0	0	12.77
2300	0	0	12.77
2301	0	0	12.77
2302	0	0	12.77
2303	0	0	12.77
2304	0	0	12.77
2305	0	0	12.77
2306	0	0	12.77
2307	0	0	12.77
2308	0	0	12.77
2309	0	0	12.77
2310	0	0	12.77
2311	0	0	12.77
2312	0	0	12.77
2313	0	0	12.77
2314	0	0	12.77
2315	0	0	12.77
2316	0	0	12.77
2317	0	0	12.77
2318	0	0	12.77
2319	0	0	12.77
2320	0	0	12.77
2321	0	0	12.77
2322	0	0	12.77
2323	0	0	12.77
2324	0	0	12.77
2325	0	0	12.77
2326	0	0	12.77
2327	0	0	12.77
2328	0	0	12.77
2329	0	0	12.77
2330	0	0	12.77
2331	0	0	12.77
2332	0	0	12.77
2333	0	0	12.77
2334	0	0	12.77
2335	0	0	12.77
2336	0	0	12.77
2337	0	0	12.77
2338	0	0	12.77
2339	0	0	12.77
2340	0	0	12.77
2341	0	0	12.77
2342	0	0	12.77
2343	0	0	12.77
2344	0	0	12.77
2345	0	0	12.77
2346	0	0	12.77
2347	0	0	12.77
2348	0	0	12.77
2349	0	0	12.77
2350	0	0	12.77
2351	0	0	12.77
2352	0	0	12.77
2353	0	0	12.77
2354	0	0	12.77
2355	0	0	12.77
2356	0	0	12.77
2357	0	0	12.77
2358	0	0	12.77
2359	0	0	12.77
2360	0	0	12.77
2361	0	0	12.77
2362	0	0	12.77
2363	0	0	12.77
2364	0	0	12.77
2365	0	0	12.77
2366	0	0	12.77
2367	0	0	12.77
2368	0	0	12.77
2369	0	0	12.77
2370	0	0	12.77
2371	0	0	12.77
2372	0	0	12.77
2373	0	0	12.77
2374	0	0	12.77
2375	0	0	12.77
2376	0	0	12.77
2377	0	0	12.77
2378	0	0	12.77
2379	0	0	12.77
2380	0	0	12.77
2381	0	0	12.77
2382	0	0	12.77
2383	0	0	12.77
2384	0	0	12.77
2385	0	0	12.77
2386	0	0	12.77
2387	0	0	12.77
2388	0	0	12.77
2389	0	0	12.77
2390	0	0	12.77
2391	0	0	12.77
2392	0	0	12.77
2393	0	0	12.77
2394	0	0	12.77
2395	0	0	12.77
2396	0	0	12.77
2397	0	0	12.77
2398	0	0	12.77
2399	0	0	12.77
2400	0	0	12.77
2401	0	0	12.77
2402	0	0	12.77
2403	0	0	12.77
2404	0	0	12.77
2405	0	0	14.56
2406	0	0	14.56
2407	0	0	14.56
2408	0	0	14.56
2409	0	0	14.56
2410	0	0	14.56
2411	0	0	14.56
2412	0	0	14.56
2413	0	0	14.56
2414	0	0	14.56
2415	0	0	14.56
2416	0	0	14.56
2417	0	0	14.56
2418	0	0	14.56
2419	0	0	14.56
2420	0	0	14.56
2421	0	0	14.56
2422	0	0	14.56
2423	0	0	14.56
2424	0	0	14.56
2425	0	0	14.56
2426	0	0	14.56
2427	0	0	14.56
2428	0	0	14.56
2429	0	0	14.56
2430	0	0	14.56
2431	0	0	14.56
2432	0	0	14.56
2433	0	0	14.56
2434	0	0	14.56
2435	0	0	14.56
2436	0	0	14.56
2437	0	0	14.56
2438	0	0	14.56
2439	0	0	14.56
2440	0	0	14.56
2441	0	0	14.56
2442	0	0	14.56
2443	0	0	14.56
2444	0	0	14.56
2445	0	0	14.56
2446	0	0	14.56
2447	0	0	14.56
2448	0	0	14.56
2449	0	0	14.56
2450	0	0	14.56
2451	0	0	14.56
2452	0	0	14.56
2453	0	0	14.56
2454	0	0	14.56
2455	0	0	14.56
2456	0	0	14.56
2457	0	0	14.56
2458	0	0	14.56
2459	0	0	14.56
2460	0	0	14.56
2461	0	0	14.56
2462	0	0	14.56
2463	0	0	14.56
2464	0	0	14.24
2465	0	0	14.24
2466	0	0	14.24
2467	0	0	14.24
2468	0	0	14.24
2469	0	0	14.24
2470	0	0	14.24
2471	0	0	14.24
2472	0	0	14.24
2473	0	0	14.24
2474	0	0	14.24
2475	0	0	14.24
2476	0	0	14.24
2477	0	0	14.24
2478	0	0	14.24
2479	0	0	14.24
2480	0	0	14.24
2481	0	0	14.24
2482	0	0	14.24
2483	0	0	14.24
2484	0	0	14.24
2485	0	0	14.24
2486	0	0	14.24
2487	0	0	14.24
2488	0	0	14.24
2489	0	0	14.24
2490	0	0	14.24
2491	0	0	14.24
2492	0	0	14.24
2493	0	0	14.24
2494	0	0	14.24
2495	0	0	14.25
2496	0	0	14.25
2497	0	0	14.25
2498	0	0	14.25
2499	0	0	14.25
2500	0	0	14.25
2501	0	0	14.25
2502	0	0	14.25
2503	0	0	14.25
2504	0	0	14.25
2505	0	0	14.25
2506	0	0	14.25
2507	0	0	14.25
2508	0	0	14.25
2509	0	0	14.25
2510	0	0	14.25
2511	0	0	14.25
2512	0	0	14.25
2513	0	0	14.25
2514	0	0	14.25
2515	0	0	14.25
2516	0	0	14.25
2517	0	0	14.25
2518	0	0	14.25
2519	0	0	14.25
2520	0	0	14.25
2521	0	0	14.25
2522	0	0	14.25
2523	0	0	14.25
2524	0	0	14.25
2525	0	0	14.25
2526	0	0	14.25
2527	0	0	14.25
2528	0	0	14.25
2529	0	0	14.25
2530	0	0	14.25
2531	0	0	14.25
2532	0	0	14.25
2533	0	0	14.25
2534	0	0	14.25
2535	0	0	14.25
2536	0	0	14.25
2537	0	0	14.25
2538	0	0	14.25
2539	0	0	14.25
2540	0	0	14.25
2541	0	0	14.25
2542	0	0	14.25
2543	0	0	14.25
2544	0	0	14.25
2545	0	0	14.25
2546	0	0	14.25
2547	0	0	14.25
2548	0	0	14.25
2549	0	0	14.25
2550	0	0	14.25
2551	0	0	14.25
2552	0	0	14.25
2553	0	0	14.25
2554	0	0	14.25
2555	0	0	14.25
2556	0	0	13.65
2557	0	0	13.65
2558	0	0	13.65
2559	0	0	13.65
2560	0	0	13.65
2561	0	0	13.65
2562	0	0	13.65
2563	0	0	13.65
2564	0	0	13.65
2565	0	0	13.65
2566	0	0	13.65
2567	0	0	13.65
2568	0	0	13.65
2569	0	0	13.65
2570	0	0	13.65
2571	0	0	13.65
2572	0	0	13.65
2573	0	0	13.65
2574	0	0	13.65
2575	0	0	13.65
2576	0	0	13.65
2577	0	0	13.65
2578	0	0	13.65
2579	0	0	13.65
2580	0	0	13.65
2581	0	0	13.65
2582	0	0	13.65
2583	0	0	13.65
2584	0	0	13.65
2585	0	0	13.65
2586	0	0	13.38
2587	0	0	13.38
2588	0	0	13.38
2589	0	0	13.38
2590	0	0	13.38
2591	0	0	13.38
2592	0	0	13.38
2593	0	0	13.38
2594	0	0	13.38
2595	0	0	13.38
2596	0	0	13.38
2597	0	0	13.38
2598	0	0	13.38
2599	0	0	13.38
2600	0	0	13.38
2601	0	0	13.38
2602	0	0	13.38
2603	0	0	13.38
2604	0	0	13.38
2605	0	0	13.38
2606	0	0	13.38
2607	0	0	13.38
2608	0	0	13.38
2609	0	0	13.38
2610	0	0	13.38
2611	0	0	13.38
2612	0	0	13.38
2613	0	0	13.38
2614	0	0	13.38
2615	0	0	13.38
2616	0	0	13.38
2617	0	0	12.97
2618	0	0	12.97
2619	0	0	12.97
2620	0	0	12.97
2621	0	0	12.97
2622	0	0	12.97
2623	0	0	12.97
2624	0	0	12.97
2625	0	0	12.97
2626	0	0	12.97
2627	0	0	12.97
2628	0	0	12.97
2629	0	0	12.97
2630	0	0	12.97
2631	0	0	12.97
2632	0	0	12.97
2633	0	0	12.97
2634	0	0	12.97
2635	0	0	12.97
2636	0	0	12.97
2637	0	0	12.97
2638	0	0	12.97
2639	0	0	12.97
2640	0	0	12.97
2641	0	0	12.97
2642	0	0	12.97
2643	0	0	12.97
2644	0	0	12.97
2645	0	0	12.97
2646	0	0	12.97
2647	0	0	12.97
2648	0	0	12.77
2649	0	0	12.77
2650	0	0	12.77
2651	0	0	12.77
2652	0	0	12.77
2653	0	0	12.77
2654	0	0	12.77
2655	0	0	12.77
2656	0	0	12.77
2657	0	0	12.77
2658	0	0	12.77
2659	0	0	12.77
2660	0	0	12.77
2661	0	0	12.77
2662	0	0	12.77
2663	0	0	12.77
2664	0	0	12.77
2665	0	0	12.77
2666	0	0	12.77
2667	0	0	12.77
2668	0	0	12.77
2669	0	0	12.77
2670	0	0	12.77
2671	0	0	12.77
2672	0	0	12.77
2673	0	0	12.77
2674	0	0	12.77
2675	0	0	12.77
2676	0	0	12.77
2677	0	0	12.77
2678	0	0	12.77
2679	0	0	12.77
2680	0	0	12.77
2681	0	0	12.77
2682	0	0	12.77
2683	0	0	12.77
2684	0	0	12.77
2685	0	0	12.77
2686	0	0	12.77
2687	0	0	12.77
2688	0	0	12.77
2689	0	0	12.77
2690	0	0	12.77
2691	0	0	12.77
2692	0	0	12.77
2693	0	0	12.77
2694	0	0	12.77
2695	0	0	12.77
2696	0	0	12.77
2697	0	0	12.77
2698	0	0	12.77
2699	0	0	12.77
2700	0	0	12.77
2701	0	0	12.77
2702	0	0	12.77
2703	0	0	12.77
2704	0	0	12.77
2705	0	0	12.77
2706	0	0	12.77
2707	0	0	12.77
2708	0	0	12.77
2709	0	0	12.77
2710	0	0	12.77
2711	0	0	12.77
2712	0	0	12.77
2713	0	0	12.77
2714	0	0	12.77
2715	0	0	12.77
2716	0	0	12.77
2717	0	0	12.77
2718	0	0	12.77
2719	0	0	12.77
2720	0	0	12.77
2721	0	0	12.77
2722	0	0	12.77
2723	0	0	12.77
2724	0	0	12.77
2725	0	0	12.77
2726	0	0	12.77
2727	0	0	12.77
2728	0	0	12.77
2729	0	0	12.77
2730	0	0	12.77
2731	0	0	12.77
2732	0	0	12.77
2733	0	0	12.77
2734	0	0	12.77
2735	0	0	12.77
2736	0	0	12.77
2737	0	0	12.77
2738	0	0	12.77
2739	0	0	12.77
2740	0	0	12.77
2741	0	0	12.77
2742	0	0	12.77
2743	0	0	12.77
2744	0	0	12.77
2745	0	0	12.77
2746	0	0	12.77
2747	0	0	12.77
2748	0	0	12.77
2749	0	0	12.77
2750	0	0	12.77
2751	0	0	12.77
2752	0	0	12.77
2753	0	0	12.77
2754	0	0	12.77
2755	0	0	12.77
2756	0	0	12.77
2757	0	0	12.77
2758	0	0	12.77
2759	0	0	12.77
2760	0	0	12.77
2761	0	0	12.77
2762	0	0	12.77
2763	0	0	12.77
2764	0	0	12.77
2765	0	0	12.77
2766	0	0	12.77
2767	0	0	12.77
2768	0	0	12.77
2769	0	0	12.77
2770	0	0	14.56
2771	0	0	14.56
2772	0	0	14.56
2773	0	0	14.56
2774	0	0	14.56
2775	0	0	14.56
2776	0	0	14.56
2777	0	0	14.56
2778	0	0	14.56
2779	0	0	14.56
2780	0	0	14.56
2781	0	0	14.56
2782	0	0	14.56
2783	0	0	14.56
2784	0	0	14.56
2785	0	0	14.56
2786	0	0	14.56
2787	0	0	14.56
2788	0	0	14.56
2789	0	0	14.56
2790	0	0	14.56
2791	0	0	14.56
2792	0	0	14.56
2793	0	0	14.56
2794	0	0	14.56
2795	0	0	14.56
2796	0	0	14.56
2797	0	0	14.56
2798	0	0	14.56
2799	0	0	14.56
2800	0	0	14.56
2801	0	0	14.56
2802	0	0	14.56
2803	0	0	14.56
2804	0	0	14.56
2805	0	0	14.56
2806	0	0	14.56
2807	0	0	14.56
2808	0	0	14.56
2809	0	0	14.56
2810	0	0	14.56
2811	0	0	14.56
2812	0	0	14.56
2813	0	0	14.56
2814	0	0	14.56
2815	0	0	14.56
2816	0	0	14.56
2817	0	0	14.56
2818	0	0	14.56
2819	0	0	14.56
2820	0	0	14.56
2821	0	0	14.56
2822	0	0	14.56
2823	0	0	14.56
2824	0	0	14.56
2825	0	0	14.56
2826	0	0	14.56
2827	0	0	14.56
2828	0	0	14.56
2829	0	0	14.56
2830	0	0	14.24
2831	0	0	14.24
2832	0	0	14.24
2833	0	0	14.24
2834	0	0	14.24
2835	0	0	14.24
2836	0	0	14.24
2837	0	0	14.24
2838	0	0	14.24
2839	0	0	14.24
2840	0	0	14.24
2841	0	0	14.24
2842	0	0	14.24
2843	0	0	14.24
2844	0	0	14.24
2845	0	0	14.24
2846	0	0	14.24
2847	0	0	14.24
2848	0	0	14.24
2849	0	0	14.24
2850	0	0	14.24
2851	0	0	14.24
2852	0	0	14.24
2853	0	0	14.24
2854	0	0	14.24
2855	0	0	14.24
2856	0	0	14.24
2857	0	0	14.24
2858	0	0	14.24
2859	0	0	14.24
2860	0	0	14.24
2861	0	0	14.25
2862	0	0	14.25
2863	0	0	14.25
2864	0	0	14.25
2865	0	0	14.25
2866	0	0	14.25
2867	0	0	14.25
2868	0	0	14.25
2869	0	0	14.25
2870	0	0	14.25
2871	0	0	14.25
2872	0	0	14.25
2873	0	0	14.25
2874	0	0	14.25
2875	0	0	14.25
2876	0	0	14.25
2877	0	0	14.25
2878	0	0	14.25
2879	0	0	14.25
2880	0	0	14.25
2881	0	0	14.25
2882	0	0	14.25
2883	0	0	14.25
2884	0	0	14.25
2885	0	0	14.25
2886	0	0	14.25
2887	0	0	14.25
2888	0	0	14.25
2889	0	0	14.25
2890	0	0	14.25
2891	0	0	14.25
2892	0	0	14.25
2893	0	0	14.25
2894	0	0	14.25
2895	0	0	14.25
2896	0	0	14.25
2897	0	0	14.25
2898	0	0	14.25
2899	0	0	14.25
2900	0	0	14.25
2901	0	0	14.25
2902	0	0	14.25
2903	0	0	14.25
2904	0	0	14.25
2905	0	0	14.25
2906	0	0	14.25
2907	0	0	14.25
2908	0	0	14.25
2909	0	0	14.25
2910	0	0	14.25
2911	0	0	14.25
2912	0	0	14.25
2913	0	0	14.25
2914	0	0	14.25
2915	0	0	14.25
2916	0	0	14.25
2917	0	0	14.25
2918	0	0	14.25
2919	0	0	14.25
2920	0	0	14.25
2921	0	0	14.25
2922	0	0	13.65
2923	0	0	13.65
2924	0	0	13.65
2925	0	0	13.65
2926	0	0	13.65
2927	0	0	13.65
2928	0	0	13.65
2929	0	0	13.65
2930	0	0	13.65
2931	0	0	13.65
2932	0	0	13.65
2933	0	0	13.65
2934	0	0	13.65
2935	0	0	13.65
2936	0	0	13.65
2937	0	0	13.65
2938	0	0	13.65
2939	0	0	13.65
2940	0	0	13.65
2941	0	0	13.65
2942	0	0	13.65
2943	0	0	13.65
2944	0	0	13.65
2945	0	0	13.65
2946	0	0	13.65
2947	0	0	13.65
2948	0	0	13.65
2949	0	0	13.65
2950	0	0	13.65
2951	0	0	13.65
2952	0	0	13.38
2953	0	0	13.38
2954	0	0	13.38
2955	0	0	13.38
2956	0	0	13.38
2957	0	0	13.38
2958	0	0	13.38
2959	0	0	13.38
2960	0	0	13.38
2961	0	0	13.38
2962	0	0	13.38
2963	0	0	13.38
2964	0	0	13.38
2965	0	0	13.38
2966	0	0	13.38
2967	0	0	13.38
2968	0	0	13.38
2969	0	0	13.38
2970	0	0	13.38
2971	0	0	13.38
2972	0	0	13.38
2973	0	0	13.38
2974	0	0	13.38
2975	0	0	13.38
2976	0	0	13.38
2977	0	0	13.38
2978	0	0	13.38
2979	0	0	13.38
2980	0	0	13.38
2981	0	0	13.38
2982	0	0	13.38
2983	0	0	12.97
2984	0	0	12.97
2985	0	0	12.97
2986	0	0	12.97
2987	0	0	12.97
2988	0	0	12.97
2989	0	0	12.97
2990	0	0	12.97
2991	0	0	12.97
2992	0	0	12.97
2993	0	0	12.97
2994	0	0	12.97
2995	0	0	12.97
2996	0	0	12.97
2997	0	0	12.97
2998	0	0	12.97
2999	0	0	12.97
3000	0	0	12.97
3001	0	0	12.97
3002	0	0	12.97
3003	0	0	12.97
3004	0	0	12.97
3005	0	0	12.97
3006	0	0	12.97
3007	0	0	12.97
3008	0	0	12.97
3009	0	0	12.97
3010	0	0	12.97
3011	0	0	12.97
3012	0	0	12.97
3013	0	0	12.97
3014	0	0	12.77
3015	0	0	12.77
3016	0	0	12.77
3017	0	0	12.77
3018	0	0	12.77
3019	0	0	12.77
3020	0	0	12.77
3021	0	0	12.77
3022	0	0	12.77
3023	0	0	12.77
3024	0	0	12.77
3025	0	0	12.77
3026	0	0	12.77
3027	0	0	12.77
3028	0	0	12.77
3029	0	0	12.77
3030	0	0	12.77
3031	0	0	12.77
3032	0	0	12.77
3033	0	0	12.77
3034	0	0	12.77
3035	0	0	12.77
3036	0	0	12.77
3037	0	0	12.77
3038	0	0	12.77
3039	0	0	12.77
3040	0	0	12.77
3041	0	0	12.77
3042	0	0	12.77
3043	0	0	12.77
3044	0	0	12.77
3045	0	0	12.77
3046	0	0	12.77
3047	0	0	12.77
3048	0	0	12.77
3049	0	0	12.77
3050	0	0	12.77
3051	0	0	12.77
3052	0	0	12.77
3053	0	0	12.77
3054	0	0	12.77
3055	0	0	12.77
3056	0	0	12.77
3057	0	0	12.77
3058	0	0	12.77
3059	0	0	12.77
3060	0	0	12.77
3061	0	0	12.77
3062	0	0	12.77
3063	0	0	12.77
3064	0	0	12.77
3065	0	0	12.77
3066	0	0	12.77
3067	0	0	12.77
3068	0	0	12.77
3069	0	0	12.77
3070	0	0	12.77
3071	0	0	12.77
3072	0	0	12.77
3073	0	0	12.77
3074	0	0	12.77
3075	0	0	12.77
3076	0	0	12.77
3077	0	0	12.77
3078	0	0	12.77
3079	0	0	12.77
3080	0	0	12.77
3081	0	0	12.77
3082	0	0	12.77
3083	0	0	12.77
3084	0	0	12.77
3085	0	0	12.77
3086	0	0	12.77
3087	0	0	12.77
3088	0	0	12.77
3089	0	0	12.77
3090	0	0	12.77
3091	0	0	12.77
3092	0	0	12.77
3093	0	0	12.77
3094	0	0	12.77
3095	0	0	12.77
3096	0	0	12.77
3097	0	0	12.77
3098	0	0	12.77
3099	0	0	12.77
3100	0	0	12.77
3101	0	0	12.77
3102	0	0	12.77
3103	0	0	12.77
3104	0	0	12.77
3105	0	0	12.77
3106	0	0	12.77
3107	0	0	12.77
3108	0	0	12.77
3109	0	0	12.77
3110	0	0	12.77
3111	0	0	12.77
3112	0	0	12.77
3113	0	0	12.77
3114	0	0	12.77
3115	0	0	12.77
3116	0	0	12.77
3117	0	0	12.77
3118	0	0	12.77
3119	0	0	12.77
3120	0	0	12.77
3121	0	0	12.77
3122	0	0	12.77
3123	0	0	12.77
3124	0	0	12.77
3125	0	0	12.77
3126	0	0	12.77
3127	0	0	12.77
3128	0	0	12.77
3129	0	0	12.77
3130	0	0	12.77
3131	0	0	12.77
3132	0	0	12.77
3133	0	0	12.77
3134	0	0	12.77
3135	0	0	12.77
3136	0	0	14.56
3137	0	0	14.56
3138	0	0	14.56
3139	0	0	14.56
3140	0	0	14.56
3141	0	0	14.56
3142	0	0	14.56
3143	0	0	14.56
3144	0	0	14.56
3145	0	0	14.56
3146	0	0	14.56
3147	0	0	14.56
3148	0	0	14.56
3149	0	0	14.56
3150	0	0	14.56
3151	0	0	14.56
3152	0	0	14.56
3153	0	0	14.56
3154	0	0	14.56
3155	0	0	14.56
3156	0	0	14.56
3157	0	0	14.56
3158	0	0	14.56
3159	0	0	14.56
3160	0	0	14.56
3161	0	0	14.56
3162	0	0	14.56
3163	0	0	14.56
3164	0	0	14.56
3165	0	0	14.56
3166	0	0	14.56
3167	0	0	14.56
3168	0	0	14.56
3169	0	0	14.56
3170	0	0	14.56
3171	0	0	14.56
3172	0	0	14.56
3173	0	0	14.56
3174	0	0	14.56
3175	0	0	14.56
3176	0	0	14.56
3177	0	0	14.56
3178	0	0	14.56
3179	0	0	14.56
3180	0	0	14.56
3181	0	0	14.56
3182	0	0	14.56
3183	0	0	14.56
3184	0	0	14.56
3185	0	0	14.56
3186	0	0	14.56
3187	0	0	14.56
3188	0	0	14.56
3189	0	0	14.56
3190	0	0	14.56
3191	0	0	14.56
3192	0	0	14.56
3193	0	0	14.56
3194	0	0	14.56
3195	0	0	14.24
3196	0	0	14.24
3197	0	0	14.24
3198	0	0	14.24
3199	0	0	14.24
3200	0	0	14.24
3201	0	0	14.24
3202	0	0	14.24
3203	0	0	14.24
3204	0	0	14.24
3205	0	0	14.24
3206	0	0	14.24
3207	0	0	14.24
3208	0	0	14.24
3209	0	0	14.24
3210	0	0	14.24
3211	0	0	14.24
3212	0	0	14.24
3213	0	0	14.24
3214	0	0	14.24
3215	0	0	14.24
3216	0	0	14.24
3217	0	0	14.24
3218	0	0	14.24
3219	0	0	14.24
3220	0	0	14.24
3221	0	0	14.24
3222	0	0	14.24
3223	0	0	14.24
3224	0	0	14.24
3225	0	0	14.24
3226	0	0	14.25
3227	0	0	14.25
3228	0	0	14.25
3229	0	0	14.25
3230	0	0	14.25
3231	0	0	14.25
3232	0	0	14.25
3233	0	0	14.25
3234	0	0	14.25
3235	0	0	14.25
3236	0	0	14.25
3237	0	0	14.25
3238	0	0	14.25
3239	0	0	14.25
3240	0	0	14.25
3241	0	0	14.25
3242	0	0	14.25
3243	0	0	14.25
3244	0	0	14.25
3245	0	0	14.25
3246	0	0	14.25
3247	0	0	14.25
3248	0	0	14.25
3249	0	0	14.25
3250	0	0	14.25
3251	0	0	14.25
3252	0	0	14.25
3253	0	0	14.25
3254	0	0	14.25
3255	0	0	14.25
3256	0	0	14.25
3257	0	0	14.25
3258	0	0	14.25
3259	0	0	14.25
3260	0	0	14.25
3261	0	0	14.25
3262	0	0	14.25
3263	0	0	14.25
3264	0	0	14.25
3265	0	0	14.25
3266	0	0	14.25
3267	0	0	14.25
3268	0	0	14.25
3269	0	0	14.25
3270	0	0	14.25
3271	0	0	14.25
3272	0	0	14.25
3273	0	0	14.25
3274	0	0	14.25
3275	0	0	14.25
3276	0	0	14.25
3277	0	0	14.25
3278	0	0	14.25
3279	0	0	14.25
3280	0	0	14.25
3281	0	0	14.25
3282	0	0	14.25
3283	0	0	14.25
3284	0	0	14.25
3285	0	0	14.25
3286	0	0	14.25
3287	0	0	13.65
3288	0	0	13.65
3289	0	0	13.65
3290	0	0	13.65
3291	0	0	13.65
3292	0	0	13.65
3293	0	0	13.65
3294	0	0	13.65
3295	0	0	13.65
3296	0	0	13.65
3297	0	0	13.65
3298	0	0	13.65
3299	0	0	13.65
3300	0	0	13.65
3301	0	0	13.65
3302	0	0	13.65
3303	0	0	13.65
3304	0	0	13.65
3305	0	0	13.65
3306	0	0	13.65
3307	0	0	13.65
3308	0	0	13.65
3309	0	0	13.65
3310	0	0	13.65
3311	0	0	13.65
3312	0	0	13.65
3313	0	0	13.65
3314	0	0	13.65
3315	0	0	13.65
3316	0	0	13.65
3317	0	0	13.38
3318	0	0	13.38
3319	0	0	13.38
3320	0	0	13.38
3321	0	0	13.38
3322	0	0	13.38
3323	0	0	13.38
3324	0	0	13.38
3325	0	0	13.38
3326	0	0	13.38
3327	0	0	13.38
3328	0	0	13.38
3329	0	0	13.38
3330	0	0	13.38
3331	0	0	13.38
3332	0	0	13.38
3333	0	0	13.38
3334	0	0	13.38
3335	0	0	13.38
3336	0	0	13.38
3337	0	0	13.38
3338	0	0	13.38
3339	0	0	13.38
3340	0	0	13.38
3341	0	0	13.38
3342	0	0	13.38
3343	0	0	13.38
3344	0	0	13.38
3345	0	0	13.38
3346	0	0	13.38
3347	0	0	13.38
3348	0	0	12.97
3349	0	0	12.97
3350	0	0	12.97
3351	0	0	12.97
3352	0	0	12.97
3353	0	0	12.97
3354	0	0	12.97
3355	0	0	12.97
3356	0	0	12.97
3357	0	0	12.97
3358	0	0	12.97
3359	0	0	12.97
3360	0	0	12.97
3361	0	0	12.97
3362	0	0	12.97
3363	0	0	12.97
3364	0	0	12.97
3365	0	0	12.97
3366	0	0	12.97
3367	0	0	12.97
3368	0	0	12.97
3369	0	0	12.97
3370	0	0	12.97
3371	0	0	12.97
3372	0	0	12.97
3373	0	0	12.97
3374	0	0	12.97
3375	0	0	12.97
3376	0	0	12.97
3377	0	0	12.97
3378	0	0	12.97
3379	0	0	12.77
3380	0	0	12.77
3381	0	0	12.77
3382	0	0	12.77
3383	0	0	12.77
3384	0	0	12.77
3385	0	0	12.77
3386	0	0	12.77
3387	0	0	12.77
3388	0	0	12.77
3389	0	0	12.77
3390	0	0	12.77
3391	0	0	12.77
3392	0	0	12.77
3393	0	0	12.77
3394	0	0	12.77
3395	0	0	12.77
3396	0	0	12.77
3397	0	0	12.77
3398	0	0	12.77
3399	0	0	12.77
3400	0	0	12.77
3401	0	0	12.77
3402	0	0	12.77
3403	0	0	12.77
3404	0	0	12.77
3405	0	0	12.77
3406	0	0	12.77
3407	0	0	12.77
3408	0	0	12.77
3409	0	0	12.77
3410	0	0	12.77
3411	0	0	12.77
3412	0	0	12.77
3413	0	0	12.77
3414	0	0	12.77
3415	0	0	12.77
3416	0	0	12.77
3417	0	0	12.77
3418	0	0	12.77
3419	0	0	12.77
3420	0	0	12.77
3421	0	0	12.77
3422	0	0	12.77
3423	0	0	12.77
3424	0	0	12.77
3425	0	0	12.77
3426	0	0	12.77
3427	0	0	12.77
3428	0	0	12.77
3429	0	0	12.77
3430	0	0	12.77
3431	0	0	12.77
3432	0	0	12.77
3433	0	0	12.77
3434	0	0	12.77
3435	0	0	12.77
3436	0	0	12.77
3437	0	0	12.77
3438	0	0	12.77
3439	0	0	12.77
3440	0	0	12.77
3441	0	0	12.77
3442	0	0	12.77
3443	0	0	12.77
3444	0	0	12.77
3445	0	0	12.77
3446	0	0	12.77
3447	0	0	12.77
3448	0	0	12.77
3449	0	0	12.77
3450	0	0	12.77
3451	0	0	12.77
3452	0	0	12.77
3453	0	0	12.77
3454	0	0	12.77
3455	0	0	12.77
3456	0	0	12.77
3457	0	0	12.77
3458	0	0	12.77
3459	0	0	12.77
3460	0	0	12.77
3461	0	0	12.77
3462	0	0	12.77
3463	0	0	12.77
3464	0	0	12.77
3465	0	0	12.77
3466	0	0	12.77
3467	0	0	12.77
3468	0	0	12.77
3469	0	0	12.77
3470	0	0	12.77
3471	0	0	12.77
3472	0	0	12.77
3473	0	0	12.77
3474	0	0	12.77
3475	0	0	12.77
3476	0	0	12.77
3477	0	0	12.77
3478	0	0	12.77
3479	0	0	12.77
3480	0	0	12.77
3481	0	0	12.77
3482	0	0	12.77
3483	0	0	12.77
3484	0	0	12.77
3485	0	0	12.77
3486	0	0	12.77
3487	0	0	12.77
3488	0	0	12.77
3489	0	0	12.77
3490	0	0	12.77
3491	0	0	12.77
3492	0	0	12.77
3493	0	0	12.77
3494	0	0	12.77
3495	0	0	12.77
3496	0	0	12.77
3497	0	0	12.77
3498	0	0	12.77
3499	0	0	12.77
3500	0	0	12.77
3501	0	0	14.56
3502	0	0	14.56
3503	0	0	14.56
3504	0	0	14.56
3505	0	0	14.56
3506	0	0	14.56
3507	0	0	14.56
3508	0	0	14.56
3509	0	0	14.56
3510	0	0	14.56
3511	0	0	14.56
3512	0	0	14.56
3513	0	0	14.56
3514	0	0	14.56
3515	0	0	14.56
3516	0	0	14.56
3517	0	0	14.56
3518	0	0	14.56
3519	0	0	14.56
3520	0	0	14.56
3521	0	0	14.56
3522	0	0	14.56
3523	0	0	14.56
3524	0	0	14.56
3525	0	0	14.56
3526	0	0	14.56
3527	0	0	14.56
3528	0	0	14.56
3529	0	0	14.56
3530	0	0	14.56
3531	0	0	14.56
3532	0	0	14.56
3533	0	0	14.56
3534	0	0	14.56
3535	0	0	14.56
3536	0	0	14.56
3537	0	0	14.56
3538	0	0	14.56
3539	0	0	14.56
3540	0	0	14.56
3541	0	0	14.56
3542	0	0	14.56
3543	0	0	14.56
3544	0	0	14.56
3545	0	0	14.56
3546	0	0	14.56
3547	0	0	14.56
3548	0	0	14.56
3549	0	0	14.56
3550	0	0	14.56
3551	0	0	14.56
3552	0	0	14.56
3553	0	0	14.56
3554	0	0	14.56
3555	0	0	14.56
3556	0	0	14.56
3557	0	0	14.56
3558	0	0	14.56
3559	0	0	14.56
3560	0	0	14.24
3561	0	0	14.24
3562	0	0	14.24
3563	0	0	14.24
3564	0	0	14.24
3565	0	0	14.24
3566	0	0	14.24
3567	0	0	14.24
3568	0	0	14.24
3569	0	0	14.24
3570	0	0	14.24
3571	0	0	14.24
3572	0	0	14.24
3573	0	0	14.24
3574	0	0	14.24
3575	0	0	14.24
3576	0	0	14.24
3577	0	0	14.24
3578	0	0	14.24
3579	0	0	14.24
3580	0	0	14.24
3581	0	0	14.24
3582	0	0	14.24
3583	0	0	14.24
3584	0	0	14.24
3585	0	0	14.24
3586	0	0	14.24
3587	0	0	14.24
3588	0	0	14.24
3589	0	0	14.24
3590	0	0	14.24
3591	0	0	14.25
3592	0	0	14.25
3593	0	0	14.25
3594	0	0	14.25
3595	0	0	14.25
3596	0	0	14.25
3597	0	0	14.25
3598	0	0	14.25
3599	0	0	14.25
3600	0	0	14.25
3601	0	0	14.25
3602	0	0	14.25
3603	0	0	14.25
3604	0	0	14.25
3605	0	0	14.25
3606	0	0	14.25
3607	0	0	14.25
3608	0	0	14.25
3609	0	0	14.25
3610	0	0	14.25
3611	0	0	14.25
3612	0	0	14.25
3613	0	0	14.25
3614	0	0	14.25
3615	0	0	14.25
3616	0	0	14.25
3617	0	0	14.25
3618	0	0	14.25
3619	0	0	14.25
3620	0	0	14.25
3621	0	0	14.25
3622	0	0	14.25
3623	0	0	14.25
3624	0	0	14.25
3625	0	0	14.25
3626	0	0	14.25
3627	0	0	14.25
3628	0	0	14.25
3629	0	0	14.25
3630	0	0	14.25
3631	0	0	14.25
3632	0	0	14.25
3633	0	0	14.25
3634	0	0	14.25
3635	0	0	14.25
3636	0	0	14.25
3637	0	0	14.25
3638	0	0	14.25
3639	0	0	14.25
3640	0	0	14.25
3641	0	0	14.25
3642	0	0	14.25
3643	0	0	14.25
3644	0	0	14.25
3645	0	0	14.25
3646	0	0	14.25
3647	0	0	14.25
3648	0	0	14.25
3649	0	0	14.25
3650	0	0	14.25
3651	0	0	14.75
