TIME_UNITS d
DATA_UNITS m
0	0	0	12.50
1	0	0	12.60
2	0	0	12.70
3	0	0	12.80
4	0	0	12.90
5	0	0	13.00
6	0	0	13.10
7	0	0	13.20
8	0	0	13.30
9	0	0	13.40
10	0	0	13.50
11	0	0	13.60
12	0	0	13.60
13	0	0	13.60
14	0	0	13.60
15	0	0	13.60
16	0	0	13.60
17	0	0	13.60
18	0	0	13.60
19	0	0	13.50
20	0	0	13.50
21	0	0	13.50
22	0	0	13.50
23	0	0	13.40
24	0	0	13.40
25	0	0	13.40
26	0	0	13.40
27	0	0	13.30
28	0	0	13.30
29	0	0	13.30
30	0	0	13.30
31	0	0	13.20
32	0	0	13.20
33	0	0	13.20
34	0	0	13.20
35	0	0	13.10
36	0	0	13.10
37	0	0	13.10
38	0	0	13.10
39	0	0	13.00
40	0	0	13.00
41	0	0	13.00
42	0	0	13.00
43	0	0	12.90
44	0	0	12.90
45	0	0	12.90
46	0	0	12.90
47	0	0	12.80
48	0	0	12.70
49	0	0	12.60
50	0	0	12.50
51	0	0	12.40
52	0	0	12.30
53	0	0	12.20
54	0	0	12.10
55	0	0	12.00
56	0	0	11.90
57	0	0	11.80
58	0	0	11.60
59	0	0	11.50
60	0	0	11.40
61	0	0	11.30
62	0	0	11.20
63	0	0	11.10
64	0	0	11.00
65	0	0	10.90
66	0	0	10.80
67	0	0	10.70
68	0	0	10.60
69	0	0	10.50
70	0	0	10.40
71	0	0	10.30
72	0	0	10.20
73	0	0	10.10
74	0	0	10.00
75	0	0	9.90
76	0	0	9.80
77	0	0	9.80
78	0	0	9.80
79	0	0	9.80
80	0	0	9.80
81	0	0	9.80
82	0	0	9.90
83	0	0	9.90
84	0	0	9.90
85	0	0	9.90
86	0	0	9.90
87	0	0	9.90
88	0	0	9.90
89	0	0	9.90
90	0	0	10.00
91	0	0	10.00
92	0	0	10.00
93	0	0	10.00
94	0	0	10.00
95	0	0	10.00
96	0	0	10.00
97	0	0	10.00
98	0	0	10.00
99	0	0	10.10
100	0	0	10.10
101	0	0	10.10
102	0	0	10.10
103	0	0	10.10
104	0	0	10.10
105	0	0	10.10
106	0	0	10.10
107	0	0	10.20
108	0	0	10.20
109	0	0	10.20
110	0	0	10.20
111	0	0	10.20
112	0	0	10.20
113	0	0	10.20
114	0	0	10.30
115	0	0	10.30
116	0	0	10.30
117	0	0	10.30
118	0	0	10.30
119	0	0	10.30
120	0	0	10.30
121	0	0	10.40
122	0	0	10.40
123	0	0	10.40
124	0	0	10.40
125	0	0	10.40
126	0	0	10.40
127	0	0	10.40
128	0	0	10.50
129	0	0	10.50
130	0	0	10.50
131	0	0	10.50
132	0	0	10.50
133	0	0	10.50
134	0	0	10.50
135	0	0	10.60
136	0	0	10.60
137	0	0	10.60
138	0	0	10.60
139	0	0	10.50
140	0	0	10.30
141	0	0	10.20
142	0	0	10.10
143	0	0	10.00
144	0	0	9.90
145	0	0	9.70
146	0	0	9.60
147	0	0	9.50
148	0	0	9.40
149	0	0	9.30
150	0	0	9.20
151	0	0	9.00
152	0	0	8.90
153	0	0	8.80
154	0	0	8.70
155	0	0	8.60
156	0	0	8.40
157	0	0	8.30
158	0	0	8.20
159	0	0	8.10
160	0	0	8.00
161	0	0	7.80
162	0	0	7.70
163	0	0	7.60
164	0	0	7.50
165	0	0	7.40
166	0	0	7.20
167	0	0	7.10
168	0	0	7.00
169	0	0	7.00
170	0	0	7.00
171	0	0	7.00
172	0	0	7.00
173	0	0	7.00
174	0	0	7.00
175	0	0	7.00
176	0	0	7.00
177	0	0	7.00
178	0	0	7.00
179	0	0	7.00
180	0	0	7.00
181	0	0	7.00
182	0	0	7.00
183	0	0	7.00
184	0	0	7.00
185	0	0	7.00
186	0	0	7.00
187	0	0	7.00
188	0	0	7.00
189	0	0	7.00
190	0	0	7.00
191	0	0	7.00
192	0	0	7.00
193	0	0	7.00
194	0	0	7.00
195	0	0	7.00
196	0	0	7.00
197	0	0	7.00
198	0	0	7.00
199	0	0	7.00
200	0	0	7.10
201	0	0	7.10
202	0	0	7.10
203	0	0	7.20
204	0	0	7.20
205	0	0	7.30
206	0	0	7.30
207	0	0	7.40
208	0	0	7.40
209	0	0	7.50
210	0	0	7.50
211	0	0	7.60
212	0	0	7.60
213	0	0	7.70
214	0	0	7.70
215	0	0	7.80
216	0	0	7.80
217	0	0	7.90
218	0	0	7.90
219	0	0	8.00
220	0	0	8.00
221	0	0	8.10
222	0	0	8.10
223	0	0	8.20
224	0	0	8.20
225	0	0	8.30
226	0	0	8.30
227	0	0	8.30
228	0	0	8.40
229	0	0	8.40
230	0	0	8.40
231	0	0	8.50
232	0	0	8.50
233	0	0	8.60
234	0	0	8.70
235	0	0	8.70
236	0	0	8.80
237	0	0	8.80
238	0	0	8.90
239	0	0	8.90
240	0	0	9.00
241	0	0	9.00
242	0	0	9.10
243	0	0	9.10
244	0	0	9.20
245	0	0	9.20
246	0	0	9.30
247	0	0	9.30
248	0	0	9.40
249	0	0	9.40
250	0	0	9.50
251	0	0	9.50
252	0	0	9.60
253	0	0	9.60
254	0	0	9.70
255	0	0	9.80
256	0	0	9.80
257	0	0	9.90
258	0	0	9.90
259	0	0	10.00
260	0	0	10.00
261	0	0	10.00
262	0	0	10.00
263	0	0	10.00
264	0	0	10.10
265	0	0	10.10
266	0	0	10.10
267	0	0	10.10
268	0	0	10.10
269	0	0	10.10
270	0	0	10.10
271	0	0	10.10
272	0	0	10.10
273	0	0	10.10
274	0	0	10.10
275	0	0	10.10
276	0	0	10.10
277	0	0	10.10
278	0	0	10.10
279	0	0	10.10
280	0	0	10.10
281	0	0	10.20
282	0	0	10.20
283	0	0	10.20
284	0	0	10.20
285	0	0	10.20
286	0	0	10.20
287	0	0	10.20
288	0	0	10.20
289	0	0	10.20
290	0	0	10.30
291	0	0	10.40
292	0	0	10.50
293	0	0	10.60
294	0	0	10.70
295	0	0	10.80
296	0	0	10.90
297	0	0	11.00
298	0	0	11.20
299	0	0	11.30
300	0	0	11.40
301	0	0	11.50
302	0	0	11.60
303	0	0	11.70
304	0	0	11.80
305	0	0	11.90
306	0	0	12.00
307	0	0	12.10
308	0	0	12.20
309	0	0	12.30
310	0	0	12.40
311	0	0	12.50
312	0	0	12.60
313	0	0	12.70
314	0	0	12.90
315	0	0	13.00
316	0	0	13.10
317	0	0	13.20
318	0	0	13.30
319	0	0	13.40
320	0	0	13.40
321	0	0	13.40
322	0	0	13.40
323	0	0	13.40
324	0	0	13.40
325	0	0	13.40
326	0	0	13.40
327	0	0	13.40
328	0	0	13.40
329	0	0	13.40
330	0	0	13.50
331	0	0	13.50
332	0	0	13.50
333	0	0	13.50
334	0	0	13.50
335	0	0	13.50
336	0	0	13.50
337	0	0	13.50
338	0	0	13.50
339	0	0	13.50
340	0	0	13.50
341	0	0	13.50
342	0	0	13.50
343	0	0	13.50
344	0	0	13.50
345	0	0	13.50
346	0	0	13.50
347	0	0	13.60
348	0	0	13.60
349	0	0	13.60
350	0	0	13.60
351	0	0	13.60
352	0	0	13.60
353	0	0	13.60
354	0	0	13.60
355	0	0	13.60
356	0	0	13.60
357	0	0	13.60
358	0	0	13.60
359	0	0	13.60
360	0	0	13.60
361	0	0	13.60
362	0	0	13.60
363	0	0	13.60
364	0	0	13.60
365	0	0	13.60
366	0	0	13.60
367	0	0	13.60
368	0	0	13.60
369	0	0	13.60
370	0	0	13.60
371	0	0	13.60
372	0	0	13.60
373	0	0	13.60
374	0	0	13.60
375	0	0	13.60
376	0	0	13.60
377	0	0	13.60
378	0	0	13.60
379	0	0	13.60
380	0	0	13.60
381	0	0	13.60
382	0	0	13.60
383	0	0	13.60
384	0	0	13.50
385	0	0	13.50
386	0	0	13.50
387	0	0	13.50
388	0	0	13.40
389	0	0	13.40
390	0	0	13.40
391	0	0	13.40
392	0	0	13.30
393	0	0	13.30
394	0	0	13.30
395	0	0	13.30
396	0	0	13.20
397	0	0	13.20
398	0	0	13.20
399	0	0	13.20
400	0	0	13.10
401	0	0	13.10
402	0	0	13.10
403	0	0	13.10
404	0	0	13.00
405	0	0	13.00
406	0	0	13.00
407	0	0	13.00
408	0	0	12.90
409	0	0	12.90
410	0	0	12.90
411	0	0	12.90
412	0	0	12.80
413	0	0	12.70
414	0	0	12.60
415	0	0	12.50
416	0	0	12.40
417	0	0	12.30
418	0	0	12.20
419	0	0	12.10
420	0	0	12.00
421	0	0	11.90
422	0	0	11.80
423	0	0	11.60
424	0	0	11.50
425	0	0	11.40
426	0	0	11.30
427	0	0	11.20
428	0	0	11.10
429	0	0	11.00
430	0	0	10.90
431	0	0	10.80
432	0	0	10.70
433	0	0	10.60
434	0	0	10.50
435	0	0	10.40
436	0	0	10.30
437	0	0	10.20
438	0	0	10.10
439	0	0	10.00
440	0	0	9.90
441	0	0	9.80
442	0	0	9.80
443	0	0	9.80
444	0	0	9.80
445	0	0	9.80
446	0	0	9.80
447	0	0	9.90
448	0	0	9.90
449	0	0	9.90
450	0	0	9.90
451	0	0	9.90
452	0	0	9.90
453	0	0	9.90
454	0	0	9.90
455	0	0	10.00
456	0	0	10.00
457	0	0	10.00
458	0	0	10.00
459	0	0	10.00
460	0	0	10.00
461	0	0	10.00
462	0	0	10.00
463	0	0	10.00
464	0	0	10.10
465	0	0	10.10
466	0	0	10.10
467	0	0	10.10
468	0	0	10.10
469	0	0	10.10
470	0	0	10.10
471	0	0	10.10
472	0	0	10.20
473	0	0	10.20
474	0	0	10.20
475	0	0	10.20
476	0	0	10.20
477	0	0	10.20
478	0	0	10.20
479	0	0	10.30
480	0	0	10.30
481	0	0	10.30
482	0	0	10.30
483	0	0	10.30
484	0	0	10.30
485	0	0	10.30
486	0	0	10.40
487	0	0	10.40
488	0	0	10.40
489	0	0	10.40
490	0	0	10.40
491	0	0	10.40
492	0	0	10.40
493	0	0	10.50
494	0	0	10.50
495	0	0	10.50
496	0	0	10.50
497	0	0	10.50
498	0	0	10.50
499	0	0	10.50
500	0	0	10.60
501	0	0	10.60
502	0	0	10.60
503	0	0	10.60
504	0	0	10.50
505	0	0	10.30
506	0	0	10.20
507	0	0	10.10
508	0	0	10.00
509	0	0	9.90
510	0	0	9.70
511	0	0	9.60
512	0	0	9.50
513	0	0	9.40
514	0	0	9.30
515	0	0	9.20
516	0	0	9.00
517	0	0	8.90
518	0	0	8.80
519	0	0	8.70
520	0	0	8.60
521	0	0	8.40
522	0	0	8.30
523	0	0	8.20
524	0	0	8.10
525	0	0	8.00
526	0	0	7.80
527	0	0	7.70
528	0	0	7.60
529	0	0	7.50
530	0	0	7.40
531	0	0	7.20
532	0	0	7.10
533	0	0	7.00
534	0	0	7.00
535	0	0	7.00
536	0	0	7.00
537	0	0	7.00
538	0	0	7.00
539	0	0	7.00
540	0	0	7.00
541	0	0	7.00
542	0	0	7.00
543	0	0	7.00
544	0	0	7.00
545	0	0	7.00
546	0	0	7.00
547	0	0	7.00
548	0	0	7.00
549	0	0	7.00
550	0	0	7.00
551	0	0	7.00
552	0	0	7.00
553	0	0	7.00
554	0	0	7.00
555	0	0	7.00
556	0	0	7.00
557	0	0	7.00
558	0	0	7.00
559	0	0	7.00
560	0	0	7.00
561	0	0	7.00
562	0	0	7.00
563	0	0	7.00
564	0	0	7.00
565	0	0	7.10
566	0	0	7.10
567	0	0	7.10
568	0	0	7.20
569	0	0	7.20
570	0	0	7.30
571	0	0	7.30
572	0	0	7.40
573	0	0	7.40
574	0	0	7.50
575	0	0	7.50
576	0	0	7.60
577	0	0	7.60
578	0	0	7.70
579	0	0	7.70
580	0	0	7.80
581	0	0	7.80
582	0	0	7.90
583	0	0	7.90
584	0	0	8.00
585	0	0	8.00
586	0	0	8.10
587	0	0	8.10
588	0	0	8.20
589	0	0	8.20
590	0	0	8.30
591	0	0	8.30
592	0	0	8.30
593	0	0	8.40
594	0	0	8.40
595	0	0	8.40
596	0	0	8.50
597	0	0	8.50
598	0	0	8.60
599	0	0	8.70
600	0	0	8.70
601	0	0	8.80
602	0	0	8.80
603	0	0	8.90
604	0	0	8.90
605	0	0	9.00
606	0	0	9.00
607	0	0	9.10
608	0	0	9.10
609	0	0	9.20
610	0	0	9.20
611	0	0	9.30
612	0	0	9.30
613	0	0	9.40
614	0	0	9.40
615	0	0	9.50
616	0	0	9.50
617	0	0	9.60
618	0	0	9.60
619	0	0	9.70
620	0	0	9.80
621	0	0	9.80
622	0	0	9.90
623	0	0	9.90
624	0	0	10.00
625	0	0	10.00
626	0	0	10.00
627	0	0	10.00
628	0	0	10.00
629	0	0	10.10
630	0	0	10.10
631	0	0	10.10
632	0	0	10.10
633	0	0	10.10
634	0	0	10.10
635	0	0	10.10
636	0	0	10.10
637	0	0	10.10
638	0	0	10.10
639	0	0	10.10
640	0	0	10.10
641	0	0	10.10
642	0	0	10.10
643	0	0	10.10
644	0	0	10.10
645	0	0	10.10
646	0	0	10.20
647	0	0	10.20
648	0	0	10.20
649	0	0	10.20
650	0	0	10.20
651	0	0	10.20
652	0	0	10.20
653	0	0	10.20
654	0	0	10.20
655	0	0	10.30
656	0	0	10.40
657	0	0	10.50
658	0	0	10.60
659	0	0	10.70
660	0	0	10.80
661	0	0	10.90
662	0	0	11.00
663	0	0	11.20
664	0	0	11.30
665	0	0	11.40
666	0	0	11.50
667	0	0	11.60
668	0	0	11.70
669	0	0	11.80
670	0	0	11.90
671	0	0	12.00
672	0	0	12.10
673	0	0	12.20
674	0	0	12.30
675	0	0	12.40
676	0	0	12.50
677	0	0	12.60
678	0	0	12.70
679	0	0	12.90
680	0	0	13.00
681	0	0	13.10
682	0	0	13.20
683	0	0	13.30
684	0	0	13.40
685	0	0	13.40
686	0	0	13.40
687	0	0	13.40
688	0	0	13.40
689	0	0	13.40
690	0	0	13.40
691	0	0	13.40
692	0	0	13.40
693	0	0	13.40
694	0	0	13.40
695	0	0	13.50
696	0	0	13.50
697	0	0	13.50
698	0	0	13.50
699	0	0	13.50
700	0	0	13.50
701	0	0	13.50
702	0	0	13.50
703	0	0	13.50
704	0	0	13.50
705	0	0	13.50
706	0	0	13.50
707	0	0	13.50
708	0	0	13.50
709	0	0	13.50
710	0	0	13.50
711	0	0	13.50
712	0	0	13.60
713	0	0	13.60
714	0	0	13.60
715	0	0	13.60
716	0	0	13.60
717	0	0	13.60
718	0	0	13.60
719	0	0	13.60
720	0	0	13.60
721	0	0	13.60
722	0	0	13.60
723	0	0	13.60
724	0	0	13.60
725	0	0	13.60
726	0	0	13.60
727	0	0	13.60
728	0	0	13.60
729	0	0	13.60
730	0	0	13.60
731	0	0	13.60
732	0	0	13.60
733	0	0	13.60
734	0	0	13.60
735	0	0	13.60
736	0	0	13.60
737	0	0	13.60
738	0	0	13.60
739	0	0	13.60
740	0	0	13.60
741	0	0	13.60
742	0	0	13.60
743	0	0	13.60
744	0	0	13.60
745	0	0	13.60
746	0	0	13.60
747	0	0	13.60
748	0	0	13.60
749	0	0	13.50
750	0	0	13.50
751	0	0	13.50
752	0	0	13.50
753	0	0	13.40
754	0	0	13.40
755	0	0	13.40
756	0	0	13.40
757	0	0	13.30
758	0	0	13.30
759	0	0	13.30
760	0	0	13.30
761	0	0	13.20
762	0	0	13.20
763	0	0	13.20
764	0	0	13.20
765	0	0	13.10
766	0	0	13.10
767	0	0	13.10
768	0	0	13.10
769	0	0	13.00
770	0	0	13.00
771	0	0	13.00
772	0	0	13.00
773	0	0	12.90
774	0	0	12.90
775	0	0	12.90
776	0	0	12.90
777	0	0	12.80
778	0	0	12.70
779	0	0	12.60
780	0	0	12.50
781	0	0	12.40
782	0	0	12.30
783	0	0	12.20
784	0	0	12.10
785	0	0	12.00
786	0	0	11.90
787	0	0	11.80
788	0	0	11.60
789	0	0	11.50
790	0	0	11.40
791	0	0	11.30
792	0	0	11.20
793	0	0	11.10
794	0	0	11.00
795	0	0	10.90
796	0	0	10.80
797	0	0	10.70
798	0	0	10.60
799	0	0	10.50
800	0	0	10.40
801	0	0	10.30
802	0	0	10.20
803	0	0	10.10
804	0	0	10.00
805	0	0	9.90
806	0	0	9.80
807	0	0	9.80
808	0	0	9.80
809	0	0	9.80
810	0	0	9.80
811	0	0	9.80
812	0	0	9.90
813	0	0	9.90
814	0	0	9.90
815	0	0	9.90
816	0	0	9.90
817	0	0	9.90
818	0	0	9.90
819	0	0	9.90
820	0	0	10.00
821	0	0	10.00
822	0	0	10.00
823	0	0	10.00
824	0	0	10.00
825	0	0	10.00
826	0	0	10.00
827	0	0	10.00
828	0	0	10.00
829	0	0	10.10
830	0	0	10.10
831	0	0	10.10
832	0	0	10.10
833	0	0	10.10
834	0	0	10.10
835	0	0	10.10
836	0	0	10.10
837	0	0	10.20
838	0	0	10.20
839	0	0	10.20
840	0	0	10.20
841	0	0	10.20
842	0	0	10.20
843	0	0	10.20
844	0	0	10.30
845	0	0	10.30
846	0	0	10.30
847	0	0	10.30
848	0	0	10.30
849	0	0	10.30
850	0	0	10.30
851	0	0	10.40
852	0	0	10.40
853	0	0	10.40
854	0	0	10.40
855	0	0	10.40
856	0	0	10.40
857	0	0	10.40
858	0	0	10.50
859	0	0	10.50
860	0	0	10.50
861	0	0	10.50
862	0	0	10.50
863	0	0	10.50
864	0	0	10.50
865	0	0	10.60
866	0	0	10.60
867	0	0	10.60
868	0	0	10.60
869	0	0	10.50
870	0	0	10.30
871	0	0	10.20
872	0	0	10.10
873	0	0	10.00
874	0	0	9.90
875	0	0	9.70
876	0	0	9.60
877	0	0	9.50
878	0	0	9.40
879	0	0	9.30
880	0	0	9.20
881	0	0	9.00
882	0	0	8.90
883	0	0	8.80
884	0	0	8.70
885	0	0	8.60
886	0	0	8.40
887	0	0	8.30
888	0	0	8.20
889	0	0	8.10
890	0	0	8.00
891	0	0	7.80
892	0	0	7.70
893	0	0	7.60
894	0	0	7.50
895	0	0	7.40
896	0	0	7.20
897	0	0	7.10
898	0	0	7.00
899	0	0	7.00
900	0	0	7.00
901	0	0	7.00
902	0	0	7.00
903	0	0	7.00
904	0	0	7.00
905	0	0	7.00
906	0	0	7.00
907	0	0	7.00
908	0	0	7.00
909	0	0	7.00
910	0	0	7.00
911	0	0	7.00
912	0	0	7.00
913	0	0	7.00
914	0	0	7.00
915	0	0	7.00
916	0	0	7.00
917	0	0	7.00
918	0	0	7.00
919	0	0	7.00
920	0	0	7.00
921	0	0	7.00
922	0	0	7.00
923	0	0	7.00
924	0	0	7.00
925	0	0	7.00
926	0	0	7.00
927	0	0	7.00
928	0	0	7.00
929	0	0	7.00
930	0	0	7.10
931	0	0	7.10
932	0	0	7.10
933	0	0	7.20
934	0	0	7.20
935	0	0	7.30
936	0	0	7.30
937	0	0	7.40
938	0	0	7.40
939	0	0	7.50
940	0	0	7.50
941	0	0	7.60
942	0	0	7.60
943	0	0	7.70
944	0	0	7.70
945	0	0	7.80
946	0	0	7.80
947	0	0	7.90
948	0	0	7.90
949	0	0	8.00
950	0	0	8.00
951	0	0	8.10
952	0	0	8.10
953	0	0	8.20
954	0	0	8.20
955	0	0	8.30
956	0	0	8.30
957	0	0	8.30
958	0	0	8.40
959	0	0	8.40
960	0	0	8.40
961	0	0	8.50
962	0	0	8.50
963	0	0	8.60
964	0	0	8.70
965	0	0	8.70
966	0	0	8.80
967	0	0	8.80
968	0	0	8.90
969	0	0	8.90
970	0	0	9.00
971	0	0	9.00
972	0	0	9.10
973	0	0	9.10
974	0	0	9.20
975	0	0	9.20
976	0	0	9.30
977	0	0	9.30
978	0	0	9.40
979	0	0	9.40
980	0	0	9.50
981	0	0	9.50
982	0	0	9.60
983	0	0	9.60
984	0	0	9.70
985	0	0	9.80
986	0	0	9.80
987	0	0	9.90
988	0	0	9.90
989	0	0	10.00
990	0	0	10.00
991	0	0	10.00
992	0	0	10.00
993	0	0	10.00
994	0	0	10.10
995	0	0	10.10
996	0	0	10.10
997	0	0	10.10
998	0	0	10.10
999	0	0	10.10
1000	0	0	10.10
1001	0	0	10.10
1002	0	0	10.10
1003	0	0	10.10
1004	0	0	10.10
1005	0	0	10.10
1006	0	0	10.10
1007	0	0	10.10
1008	0	0	10.10
1009	0	0	10.10
1010	0	0	10.10
1011	0	0	10.20
1012	0	0	10.20
1013	0	0	10.20
1014	0	0	10.20
1015	0	0	10.20
1016	0	0	10.20
1017	0	0	10.20
1018	0	0	10.20
1019	0	0	10.20
1020	0	0	10.30
1021	0	0	10.40
1022	0	0	10.50
1023	0	0	10.60
1024	0	0	10.70
1025	0	0	10.80
1026	0	0	10.90
1027	0	0	11.00
1028	0	0	11.20
1029	0	0	11.30
1030	0	0	11.40
1031	0	0	11.50
1032	0	0	11.60
1033	0	0	11.70
1034	0	0	11.80
1035	0	0	11.90
1036	0	0	12.00
1037	0	0	12.10
1038	0	0	12.20
1039	0	0	12.30
1040	0	0	12.40
1041	0	0	12.50
1042	0	0	12.60
1043	0	0	12.70
1044	0	0	12.90
1045	0	0	13.00
1046	0	0	13.10
1047	0	0	13.20
1048	0	0	13.30
1049	0	0	13.40
1050	0	0	13.40
1051	0	0	13.40
1052	0	0	13.40
1053	0	0	13.40
1054	0	0	13.40
1055	0	0	13.40
1056	0	0	13.40
1057	0	0	13.40
1058	0	0	13.40
1059	0	0	13.40
1060	0	0	13.50
1061	0	0	13.50
1062	0	0	13.50
1063	0	0	13.50
1064	0	0	13.50
1065	0	0	13.50
1066	0	0	13.50
1067	0	0	13.50
1068	0	0	13.50
1069	0	0	13.50
1070	0	0	13.50
1071	0	0	13.50
1072	0	0	13.50
1073	0	0	13.50
1074	0	0	13.50
1075	0	0	13.50
1076	0	0	13.50
1077	0	0	13.60
1078	0	0	13.60
1079	0	0	13.60
1080	0	0	13.60
1081	0	0	13.60
1082	0	0	13.60
1083	0	0	13.60
1084	0	0	13.60
1085	0	0	13.60
1086	0	0	13.60
1087	0	0	13.60
1088	0	0	13.60
1089	0	0	13.60
1090	0	0	13.60
1091	0	0	13.60
1092	0	0	13.60
1093	0	0	13.60
1094	0	0	13.60
1095	0	0	13.60
1096	0	0	13.60
1097	0	0	13.60
1098	0	0	13.60
1099	0	0	13.60
1100	0	0	13.60
1101	0	0	13.60
1102	0	0	13.60
1103	0	0	13.60
1104	0	0	13.60
1105	0	0	13.60
1106	0	0	13.60
1107	0	0	13.60
1108	0	0	13.60
1109	0	0	13.60
1110	0	0	13.60
1111	0	0	13.60
1112	0	0	13.60
1113	0	0	13.60
1114	0	0	13.50
1115	0	0	13.50
1116	0	0	13.50
1117	0	0	13.50
1118	0	0	13.40
1119	0	0	13.40
1120	0	0	13.40
1121	0	0	13.40
1122	0	0	13.30
1123	0	0	13.30
1124	0	0	13.30
1125	0	0	13.30
1126	0	0	13.20
1127	0	0	13.20
1128	0	0	13.20
1129	0	0	13.20
1130	0	0	13.10
1131	0	0	13.10
1132	0	0	13.10
1133	0	0	13.10
1134	0	0	13.00
1135	0	0	13.00
1136	0	0	13.00
1137	0	0	13.00
1138	0	0	12.90
1139	0	0	12.90
1140	0	0	12.90
1141	0	0	12.90
1142	0	0	12.80
1143	0	0	12.70
1144	0	0	12.60
1145	0	0	12.50
1146	0	0	12.40
1147	0	0	12.30
1148	0	0	12.20
1149	0	0	12.10
1150	0	0	12.00
1151	0	0	11.90
1152	0	0	11.80
1153	0	0	11.60
1154	0	0	11.50
1155	0	0	11.40
1156	0	0	11.30
1157	0	0	11.20
1158	0	0	11.10
1159	0	0	11.00
1160	0	0	10.90
1161	0	0	10.80
1162	0	0	10.70
1163	0	0	10.60
1164	0	0	10.50
1165	0	0	10.40
1166	0	0	10.30
1167	0	0	10.20
1168	0	0	10.10
1169	0	0	10.00
1170	0	0	9.90
1171	0	0	9.80
1172	0	0	9.80
1173	0	0	9.80
1174	0	0	9.80
1175	0	0	9.80
1176	0	0	9.80
1177	0	0	9.90
1178	0	0	9.90
1179	0	0	9.90
1180	0	0	9.90
1181	0	0	9.90
1182	0	0	9.90
1183	0	0	9.90
1184	0	0	9.90
1185	0	0	10.00
1186	0	0	10.00
1187	0	0	10.00
1188	0	0	10.00
1189	0	0	10.00
1190	0	0	10.00
1191	0	0	10.00
1192	0	0	10.00
1193	0	0	10.00
1194	0	0	10.10
1195	0	0	10.10
1196	0	0	10.10
1197	0	0	10.10
1198	0	0	10.10
1199	0	0	10.10
1200	0	0	10.10
1201	0	0	10.10
1202	0	0	10.20
1203	0	0	10.20
1204	0	0	10.20
1205	0	0	10.20
1206	0	0	10.20
1207	0	0	10.20
1208	0	0	10.20
1209	0	0	10.30
1210	0	0	10.30
1211	0	0	10.30
1212	0	0	10.30
1213	0	0	10.30
1214	0	0	10.30
1215	0	0	10.30
1216	0	0	10.40
1217	0	0	10.40
1218	0	0	10.40
1219	0	0	10.40
1220	0	0	10.40
1221	0	0	10.40
1222	0	0	10.40
1223	0	0	10.50
1224	0	0	10.50
1225	0	0	10.50
1226	0	0	10.50
1227	0	0	10.50
1228	0	0	10.50
1229	0	0	10.50
1230	0	0	10.60
1231	0	0	10.60
1232	0	0	10.60
1233	0	0	10.60
1234	0	0	10.50
1235	0	0	10.30
1236	0	0	10.20
1237	0	0	10.10
1238	0	0	10.00
1239	0	0	9.90
1240	0	0	9.70
1241	0	0	9.60
1242	0	0	9.50
1243	0	0	9.40
1244	0	0	9.30
1245	0	0	9.20
1246	0	0	9.00
1247	0	0	8.90
1248	0	0	8.80
1249	0	0	8.70
1250	0	0	8.60
1251	0	0	8.40
1252	0	0	8.30
1253	0	0	8.20
1254	0	0	8.10
1255	0	0	8.00
1256	0	0	7.80
1257	0	0	7.70
1258	0	0	7.60
1259	0	0	7.50
1260	0	0	7.40
1261	0	0	7.20
1262	0	0	7.10
1263	0	0	7.00
1264	0	0	7.00
1265	0	0	7.00
1266	0	0	7.00
1267	0	0	7.00
1268	0	0	7.00
1269	0	0	7.00
1270	0	0	7.00
1271	0	0	7.00
1272	0	0	7.00
1273	0	0	7.00
1274	0	0	7.00
1275	0	0	7.00
1276	0	0	7.00
1277	0	0	7.00
1278	0	0	7.00
1279	0	0	7.00
1280	0	0	7.00
1281	0	0	7.00
1282	0	0	7.00
1283	0	0	7.00
1284	0	0	7.00
1285	0	0	7.00
1286	0	0	7.00
1287	0	0	7.00
1288	0	0	7.00
1289	0	0	7.00
1290	0	0	7.00
1291	0	0	7.00
1292	0	0	7.00
1293	0	0	7.00
1294	0	0	7.00
1295	0	0	7.10
1296	0	0	7.10
1297	0	0	7.10
1298	0	0	7.20
1299	0	0	7.20
1300	0	0	7.30
1301	0	0	7.30
1302	0	0	7.40
1303	0	0	7.40
1304	0	0	7.50
1305	0	0	7.50
1306	0	0	7.60
1307	0	0	7.60
1308	0	0	7.70
1309	0	0	7.70
1310	0	0	7.80
1311	0	0	7.80
1312	0	0	7.90
1313	0	0	7.90
1314	0	0	8.00
1315	0	0	8.00
1316	0	0	8.10
1317	0	0	8.10
1318	0	0	8.20
1319	0	0	8.20
1320	0	0	8.30
1321	0	0	8.30
1322	0	0	8.30
1323	0	0	8.40
1324	0	0	8.40
1325	0	0	8.40
1326	0	0	8.50
1327	0	0	8.50
1328	0	0	8.60
1329	0	0	8.70
1330	0	0	8.70
1331	0	0	8.80
1332	0	0	8.80
1333	0	0	8.90
1334	0	0	8.90
1335	0	0	9.00
1336	0	0	9.00
1337	0	0	9.10
1338	0	0	9.10
1339	0	0	9.20
1340	0	0	9.20
1341	0	0	9.30
1342	0	0	9.30
1343	0	0	9.40
1344	0	0	9.40
1345	0	0	9.50
1346	0	0	9.50
1347	0	0	9.60
1348	0	0	9.60
1349	0	0	9.70
1350	0	0	9.80
1351	0	0	9.80
1352	0	0	9.90
1353	0	0	9.90
1354	0	0	10.00
1355	0	0	10.00
1356	0	0	10.00
1357	0	0	10.00
1358	0	0	10.00
1359	0	0	10.00
1360	0	0	10.10
1361	0	0	10.10
1362	0	0	10.10
1363	0	0	10.10
1364	0	0	10.10
1365	0	0	10.10
1366	0	0	10.10
1367	0	0	10.10
1368	0	0	10.10
1369	0	0	10.10
1370	0	0	10.10
1371	0	0	10.10
1372	0	0	10.10
1373	0	0	10.10
1374	0	0	10.10
1375	0	0	10.10
1376	0	0	10.10
1377	0	0	10.20
1378	0	0	10.20
1379	0	0	10.20
1380	0	0	10.20
1381	0	0	10.20
1382	0	0	10.20
1383	0	0	10.20
1384	0	0	10.20
1385	0	0	10.20
1386	0	0	10.30
1387	0	0	10.40
1388	0	0	10.50
1389	0	0	10.60
1390	0	0	10.70
1391	0	0	10.80
1392	0	0	10.90
1393	0	0	11.00
1394	0	0	11.20
1395	0	0	11.30
1396	0	0	11.40
1397	0	0	11.50
1398	0	0	11.60
1399	0	0	11.70
1400	0	0	11.80
1401	0	0	11.90
1402	0	0	12.00
1403	0	0	12.10
1404	0	0	12.20
1405	0	0	12.30
1406	0	0	12.40
1407	0	0	12.50
1408	0	0	12.60
1409	0	0	12.70
1410	0	0	12.90
1411	0	0	13.00
1412	0	0	13.10
1413	0	0	13.20
1414	0	0	13.30
1415	0	0	13.40
1416	0	0	13.40
1417	0	0	13.40
1418	0	0	13.40
1419	0	0	13.40
1420	0	0	13.40
1421	0	0	13.40
1422	0	0	13.40
1423	0	0	13.40
1424	0	0	13.40
1425	0	0	13.40
1426	0	0	13.50
1427	0	0	13.50
1428	0	0	13.50
1429	0	0	13.50
1430	0	0	13.50
1431	0	0	13.50
1432	0	0	13.50
1433	0	0	13.50
1434	0	0	13.50
1435	0	0	13.50
1436	0	0	13.50
1437	0	0	13.50
1438	0	0	13.50
1439	0	0	13.50
1440	0	0	13.50
1441	0	0	13.50
1442	0	0	13.50
1443	0	0	13.60
1444	0	0	13.60
1445	0	0	13.60
1446	0	0	13.60
1447	0	0	13.60
1448	0	0	13.60
1449	0	0	13.60
1450	0	0	13.60
1451	0	0	13.60
1452	0	0	13.60
1453	0	0	13.60
1454	0	0	13.60
1455	0	0	13.60
1456	0	0	13.60
1457	0	0	13.60
1458	0	0	13.60
1459	0	0	13.60
1460	0	0	13.60
1461	0	0	13.60
1462	0	0	13.60
1463	0	0	13.60
1464	0	0	13.60
1465	0	0	13.60
1466	0	0	13.60
1467	0	0	13.60
1468	0	0	13.60
1469	0	0	13.60
1470	0	0	13.60
1471	0	0	13.60
1472	0	0	13.60
1473	0	0	13.60
1474	0	0	13.60
1475	0	0	13.60
1476	0	0	13.60
1477	0	0	13.60
1478	0	0	13.60
1479	0	0	13.60
1480	0	0	13.50
1481	0	0	13.50
1482	0	0	13.50
1483	0	0	13.50
1484	0	0	13.40
1485	0	0	13.40
1486	0	0	13.40
1487	0	0	13.40
1488	0	0	13.30
1489	0	0	13.30
1490	0	0	13.30
1491	0	0	13.30
1492	0	0	13.20
1493	0	0	13.20
1494	0	0	13.20
1495	0	0	13.20
1496	0	0	13.10
1497	0	0	13.10
1498	0	0	13.10
1499	0	0	13.10
1500	0	0	13.00
1501	0	0	13.00
1502	0	0	13.00
1503	0	0	13.00
1504	0	0	12.90
1505	0	0	12.90
1506	0	0	12.90
1507	0	0	12.90
1508	0	0	12.80
1509	0	0	12.70
1510	0	0	12.60
1511	0	0	12.50
1512	0	0	12.40
1513	0	0	12.30
1514	0	0	12.20
1515	0	0	12.10
1516	0	0	12.00
1517	0	0	11.90
1518	0	0	11.80
1519	0	0	11.60
1520	0	0	11.50
1521	0	0	11.40
1522	0	0	11.30
1523	0	0	11.20
1524	0	0	11.10
1525	0	0	11.00
1526	0	0	10.90
1527	0	0	10.80
1528	0	0	10.70
1529	0	0	10.60
1530	0	0	10.50
1531	0	0	10.40
1532	0	0	10.30
1533	0	0	10.20
1534	0	0	10.10
1535	0	0	10.00
1536	0	0	9.90
1537	0	0	9.80
1538	0	0	9.80
1539	0	0	9.80
1540	0	0	9.80
1541	0	0	9.80
1542	0	0	9.80
1543	0	0	9.90
1544	0	0	9.90
1545	0	0	9.90
1546	0	0	9.90
1547	0	0	9.90
1548	0	0	9.90
1549	0	0	9.90
1550	0	0	9.90
1551	0	0	10.00
1552	0	0	10.00
1553	0	0	10.00
1554	0	0	10.00
1555	0	0	10.00
1556	0	0	10.00
1557	0	0	10.00
1558	0	0	10.00
1559	0	0	10.00
1560	0	0	10.10
1561	0	0	10.10
1562	0	0	10.10
1563	0	0	10.10
1564	0	0	10.10
1565	0	0	10.10
1566	0	0	10.10
1567	0	0	10.10
1568	0	0	10.20
1569	0	0	10.20
1570	0	0	10.20
1571	0	0	10.20
1572	0	0	10.20
1573	0	0	10.20
1574	0	0	10.20
1575	0	0	10.30
1576	0	0	10.30
1577	0	0	10.30
1578	0	0	10.30
1579	0	0	10.30
1580	0	0	10.30
1581	0	0	10.30
1582	0	0	10.40
1583	0	0	10.40
1584	0	0	10.40
1585	0	0	10.40
1586	0	0	10.40
1587	0	0	10.40
1588	0	0	10.40
1589	0	0	10.50
1590	0	0	10.50
1591	0	0	10.50
1592	0	0	10.50
1593	0	0	10.50
1594	0	0	10.50
1595	0	0	10.50
1596	0	0	10.60
1597	0	0	10.60
1598	0	0	10.60
1599	0	0	10.60
1600	0	0	10.50
1601	0	0	10.30
1602	0	0	10.20
1603	0	0	10.10
1604	0	0	10.00
1605	0	0	9.90
1606	0	0	9.70
1607	0	0	9.60
1608	0	0	9.50
1609	0	0	9.40
1610	0	0	9.30
1611	0	0	9.20
1612	0	0	9.00
1613	0	0	8.90
1614	0	0	8.80
1615	0	0	8.70
1616	0	0	8.60
1617	0	0	8.40
1618	0	0	8.30
1619	0	0	8.20
1620	0	0	8.10
1621	0	0	8.00
1622	0	0	7.80
1623	0	0	7.70
1624	0	0	7.60
1625	0	0	7.50
1626	0	0	7.40
1627	0	0	7.20
1628	0	0	7.10
1629	0	0	7.00
1630	0	0	7.00
1631	0	0	7.00
1632	0	0	7.00
1633	0	0	7.00
1634	0	0	7.00
1635	0	0	7.00
1636	0	0	7.00
1637	0	0	7.00
1638	0	0	7.00
1639	0	0	7.00
1640	0	0	7.00
1641	0	0	7.00
1642	0	0	7.00
1643	0	0	7.00
1644	0	0	7.00
1645	0	0	7.00
1646	0	0	7.00
1647	0	0	7.00
1648	0	0	7.00
1649	0	0	7.00
1650	0	0	7.00
1651	0	0	7.00
1652	0	0	7.00
1653	0	0	7.00
1654	0	0	7.00
1655	0	0	7.00
1656	0	0	7.00
1657	0	0	7.00
1658	0	0	7.00
1659	0	0	7.00
1660	0	0	7.00
1661	0	0	7.10
1662	0	0	7.10
1663	0	0	7.10
1664	0	0	7.20
1665	0	0	7.20
1666	0	0	7.30
1667	0	0	7.30
1668	0	0	7.40
1669	0	0	7.40
1670	0	0	7.50
1671	0	0	7.50
1672	0	0	7.60
1673	0	0	7.60
1674	0	0	7.70
1675	0	0	7.70
1676	0	0	7.80
1677	0	0	7.80
1678	0	0	7.90
1679	0	0	7.90
1680	0	0	8.00
1681	0	0	8.00
1682	0	0	8.10
1683	0	0	8.10
1684	0	0	8.20
1685	0	0	8.20
1686	0	0	8.30
1687	0	0	8.30
1688	0	0	8.30
1689	0	0	8.40
1690	0	0	8.40
1691	0	0	8.40
1692	0	0	8.50
1693	0	0	8.50
1694	0	0	8.60
1695	0	0	8.70
1696	0	0	8.70
1697	0	0	8.80
1698	0	0	8.80
1699	0	0	8.90
1700	0	0	8.90
1701	0	0	9.00
1702	0	0	9.00
1703	0	0	9.10
1704	0	0	9.10
1705	0	0	9.20
1706	0	0	9.20
1707	0	0	9.30
1708	0	0	9.30
1709	0	0	9.40
1710	0	0	9.40
1711	0	0	9.50
1712	0	0	9.50
1713	0	0	9.60
1714	0	0	9.60
1715	0	0	9.70
1716	0	0	9.80
1717	0	0	9.80
1718	0	0	9.90
1719	0	0	9.90
1720	0	0	10.00
1721	0	0	10.00
1722	0	0	10.00
1723	0	0	10.00
1724	0	0	10.00
1725	0	0	10.10
1726	0	0	10.10
1727	0	0	10.10
1728	0	0	10.10
1729	0	0	10.10
1730	0	0	10.10
1731	0	0	10.10
1732	0	0	10.10
1733	0	0	10.10
1734	0	0	10.10
1735	0	0	10.10
1736	0	0	10.10
1737	0	0	10.10
1738	0	0	10.10
1739	0	0	10.10
1740	0	0	10.10
1741	0	0	10.10
1742	0	0	10.20
1743	0	0	10.20
1744	0	0	10.20
1745	0	0	10.20
1746	0	0	10.20
1747	0	0	10.20
1748	0	0	10.20
1749	0	0	10.20
1750	0	0	10.20
1751	0	0	10.30
1752	0	0	10.40
1753	0	0	10.50
1754	0	0	10.60
1755	0	0	10.70
1756	0	0	10.80
1757	0	0	10.90
1758	0	0	11.00
1759	0	0	11.20
1760	0	0	11.30
1761	0	0	11.40
1762	0	0	11.50
1763	0	0	11.60
1764	0	0	11.70
1765	0	0	11.80
1766	0	0	11.90
1767	0	0	12.00
1768	0	0	12.10
1769	0	0	12.20
1770	0	0	12.30
1771	0	0	12.40
1772	0	0	12.50
1773	0	0	12.60
1774	0	0	12.70
1775	0	0	12.90
1776	0	0	13.00
1777	0	0	13.10
1778	0	0	13.20
1779	0	0	13.30
1780	0	0	13.40
1781	0	0	13.40
1782	0	0	13.40
1783	0	0	13.40
1784	0	0	13.40
1785	0	0	13.40
1786	0	0	13.40
1787	0	0	13.40
1788	0	0	13.40
1789	0	0	13.40
1790	0	0	13.40
1791	0	0	13.50
1792	0	0	13.50
1793	0	0	13.50
1794	0	0	13.50
1795	0	0	13.50
1796	0	0	13.50
1797	0	0	13.50
1798	0	0	13.50
1799	0	0	13.50
1800	0	0	13.50
1801	0	0	13.50
1802	0	0	13.50
1803	0	0	13.50
1804	0	0	13.50
1805	0	0	13.50
1806	0	0	13.50
1807	0	0	13.50
1808	0	0	13.60
1809	0	0	13.60
1810	0	0	13.60
1811	0	0	13.60
1812	0	0	13.60
1813	0	0	13.60
1814	0	0	13.60
1815	0	0	13.60
1816	0	0	13.60
1817	0	0	13.60
1818	0	0	13.60
1819	0	0	13.60
1820	0	0	13.60
1821	0	0	13.60
1822	0	0	13.60
1823	0	0	13.60
1824	0	0	13.60
1825	0	0	13.60
1826	0	0	13.60
1827	0	0	13.60
1828	0	0	13.60
1829	0	0	13.60
1830	0	0	13.60
1831	0	0	13.60
1832	0	0	13.60
1833	0	0	13.60
1834	0	0	13.60
1835	0	0	13.60
1836	0	0	13.60
1837	0	0	13.60
1838	0	0	13.60
1839	0	0	13.60
1840	0	0	13.60
1841	0	0	13.60
1842	0	0	13.60
1843	0	0	13.60
1844	0	0	13.60
1845	0	0	13.50
1846	0	0	13.50
1847	0	0	13.50
1848	0	0	13.50
1849	0	0	13.40
1850	0	0	13.40
1851	0	0	13.40
1852	0	0	13.40
1853	0	0	13.30
1854	0	0	13.30
1855	0	0	13.30
1856	0	0	13.30
1857	0	0	13.20
1858	0	0	13.20
1859	0	0	13.20
1860	0	0	13.20
1861	0	0	13.10
1862	0	0	13.10
1863	0	0	13.10
1864	0	0	13.10
1865	0	0	13.00
1866	0	0	13.00
1867	0	0	13.00
1868	0	0	13.00
1869	0	0	12.90
1870	0	0	12.90
1871	0	0	12.90
1872	0	0	12.90
1873	0	0	12.80
1874	0	0	12.70
1875	0	0	12.60
1876	0	0	12.50
1877	0	0	12.40
1878	0	0	12.30
1879	0	0	12.20
1880	0	0	12.10
1881	0	0	12.00
1882	0	0	11.90
1883	0	0	11.80
1884	0	0	11.60
1885	0	0	11.50
1886	0	0	11.40
1887	0	0	11.30
1888	0	0	11.20
1889	0	0	11.10
1890	0	0	11.00
1891	0	0	10.90
1892	0	0	10.80
1893	0	0	10.70
1894	0	0	10.60
1895	0	0	10.50
1896	0	0	10.40
1897	0	0	10.30
1898	0	0	10.20
1899	0	0	10.10
1900	0	0	10.00
1901	0	0	9.90
1902	0	0	9.80
1903	0	0	9.80
1904	0	0	9.80
1905	0	0	9.80
1906	0	0	9.80
1907	0	0	9.80
1908	0	0	9.90
1909	0	0	9.90
1910	0	0	9.90
1911	0	0	9.90
1912	0	0	9.90
1913	0	0	9.90
1914	0	0	9.90
1915	0	0	9.90
1916	0	0	10.00
1917	0	0	10.00
1918	0	0	10.00
1919	0	0	10.00
1920	0	0	10.00
1921	0	0	10.00
1922	0	0	10.00
1923	0	0	10.00
1924	0	0	10.00
1925	0	0	10.10
1926	0	0	10.10
1927	0	0	10.10
1928	0	0	10.10
1929	0	0	10.10
1930	0	0	10.10
1931	0	0	10.10
1932	0	0	10.10
1933	0	0	10.20
1934	0	0	10.20
1935	0	0	10.20
1936	0	0	10.20
1937	0	0	10.20
1938	0	0	10.20
1939	0	0	10.20
1940	0	0	10.30
1941	0	0	10.30
1942	0	0	10.30
1943	0	0	10.30
1944	0	0	10.30
1945	0	0	10.30
1946	0	0	10.30
1947	0	0	10.40
1948	0	0	10.40
1949	0	0	10.40
1950	0	0	10.40
1951	0	0	10.40
1952	0	0	10.40
1953	0	0	10.40
1954	0	0	10.50
1955	0	0	10.50
1956	0	0	10.50
1957	0	0	10.50
1958	0	0	10.50
1959	0	0	10.50
1960	0	0	10.50
1961	0	0	10.60
1962	0	0	10.60
1963	0	0	10.60
1964	0	0	10.60
1965	0	0	10.50
1966	0	0	10.30
1967	0	0	10.20
1968	0	0	10.10
1969	0	0	10.00
1970	0	0	9.90
1971	0	0	9.70
1972	0	0	9.60
1973	0	0	9.50
1974	0	0	9.40
1975	0	0	9.30
1976	0	0	9.20
1977	0	0	9.00
1978	0	0	8.90
1979	0	0	8.80
1980	0	0	8.70
1981	0	0	8.60
1982	0	0	8.40
1983	0	0	8.30
1984	0	0	8.20
1985	0	0	8.10
1986	0	0	8.00
1987	0	0	7.80
1988	0	0	7.70
1989	0	0	7.60
1990	0	0	7.50
1991	0	0	7.40
1992	0	0	7.20
1993	0	0	7.10
1994	0	0	7.00
1995	0	0	7.00
1996	0	0	7.00
1997	0	0	7.00
1998	0	0	7.00
1999	0	0	7.00
2000	0	0	7.00
2001	0	0	7.00
2002	0	0	7.00
2003	0	0	7.00
2004	0	0	7.00
2005	0	0	7.00
2006	0	0	7.00
2007	0	0	7.00
2008	0	0	7.00
2009	0	0	7.00
2010	0	0	7.00
2011	0	0	7.00
2012	0	0	7.00
2013	0	0	7.00
2014	0	0	7.00
2015	0	0	7.00
2016	0	0	7.00
2017	0	0	7.00
2018	0	0	7.00
2019	0	0	7.00
2020	0	0	7.00
2021	0	0	7.00
2022	0	0	7.00
2023	0	0	7.00
2024	0	0	7.00
2025	0	0	7.00
2026	0	0	7.10
2027	0	0	7.10
2028	0	0	7.10
2029	0	0	7.20
2030	0	0	7.20
2031	0	0	7.30
2032	0	0	7.30
2033	0	0	7.40
2034	0	0	7.40
2035	0	0	7.50
2036	0	0	7.50
2037	0	0	7.60
2038	0	0	7.60
2039	0	0	7.70
2040	0	0	7.70
2041	0	0	7.80
2042	0	0	7.80
2043	0	0	7.90
2044	0	0	7.90
2045	0	0	8.00
2046	0	0	8.00
2047	0	0	8.10
2048	0	0	8.10
2049	0	0	8.20
2050	0	0	8.20
2051	0	0	8.30
2052	0	0	8.30
2053	0	0	8.30
2054	0	0	8.40
2055	0	0	8.40
2056	0	0	8.40
2057	0	0	8.50
2058	0	0	8.50
2059	0	0	8.60
2060	0	0	8.70
2061	0	0	8.70
2062	0	0	8.80
2063	0	0	8.80
2064	0	0	8.90
2065	0	0	8.90
2066	0	0	9.00
2067	0	0	9.00
2068	0	0	9.10
2069	0	0	9.10
2070	0	0	9.20
2071	0	0	9.20
2072	0	0	9.30
2073	0	0	9.30
2074	0	0	9.40
2075	0	0	9.40
2076	0	0	9.50
2077	0	0	9.50
2078	0	0	9.60
2079	0	0	9.60
2080	0	0	9.70
2081	0	0	9.80
2082	0	0	9.80
2083	0	0	9.90
2084	0	0	9.90
2085	0	0	10.00
2086	0	0	10.00
2087	0	0	10.00
2088	0	0	10.00
2089	0	0	10.00
2090	0	0	10.10
2091	0	0	10.10
2092	0	0	10.10
2093	0	0	10.10
2094	0	0	10.10
2095	0	0	10.10
2096	0	0	10.10
2097	0	0	10.10
2098	0	0	10.10
2099	0	0	10.10
2100	0	0	10.10
2101	0	0	10.10
2102	0	0	10.10
2103	0	0	10.10
2104	0	0	10.10
2105	0	0	10.10
2106	0	0	10.10
2107	0	0	10.20
2108	0	0	10.20
2109	0	0	10.20
2110	0	0	10.20
2111	0	0	10.20
2112	0	0	10.20
2113	0	0	10.20
2114	0	0	10.20
2115	0	0	10.20
2116	0	0	10.30
2117	0	0	10.40
2118	0	0	10.50
2119	0	0	10.60
2120	0	0	10.70
2121	0	0	10.80
2122	0	0	10.90
2123	0	0	11.00
2124	0	0	11.20
2125	0	0	11.30
2126	0	0	11.40
2127	0	0	11.50
2128	0	0	11.60
2129	0	0	11.70
2130	0	0	11.80
2131	0	0	11.90
2132	0	0	12.00
2133	0	0	12.10
2134	0	0	12.20
2135	0	0	12.30
2136	0	0	12.40
2137	0	0	12.50
2138	0	0	12.60
2139	0	0	12.70
2140	0	0	12.90
2141	0	0	13.00
2142	0	0	13.10
2143	0	0	13.20
2144	0	0	13.30
2145	0	0	13.40
2146	0	0	13.40
2147	0	0	13.40
2148	0	0	13.40
2149	0	0	13.40
2150	0	0	13.40
2151	0	0	13.40
2152	0	0	13.40
2153	0	0	13.40
2154	0	0	13.40
2155	0	0	13.40
2156	0	0	13.50
2157	0	0	13.50
2158	0	0	13.50
2159	0	0	13.50
2160	0	0	13.50
2161	0	0	13.50
2162	0	0	13.50
2163	0	0	13.50
2164	0	0	13.50
2165	0	0	13.50
2166	0	0	13.50
2167	0	0	13.50
2168	0	0	13.50
2169	0	0	13.50
2170	0	0	13.50
2171	0	0	13.50
2172	0	0	13.50
2173	0	0	13.60
2174	0	0	13.60
2175	0	0	13.60
2176	0	0	13.60
2177	0	0	13.60
2178	0	0	13.60
2179	0	0	13.60
2180	0	0	13.60
2181	0	0	13.60
2182	0	0	13.60
2183	0	0	13.60
2184	0	0	13.60
2185	0	0	13.60
2186	0	0	13.60
2187	0	0	13.60
2188	0	0	13.60
2189	0	0	13.60
2190	0	0	13.60
2191	0	0	13.60
2192	0	0	13.60
2193	0	0	13.60
2194	0	0	13.60
2195	0	0	13.60
2196	0	0	13.60
2197	0	0	13.60
2198	0	0	13.60
2199	0	0	13.60
2200	0	0	13.60
2201	0	0	13.60
2202	0	0	13.60
2203	0	0	13.60
2204	0	0	13.60
2205	0	0	13.60
2206	0	0	13.60
2207	0	0	13.60
2208	0	0	13.60
2209	0	0	13.60
2210	0	0	13.50
2211	0	0	13.50
2212	0	0	13.50
2213	0	0	13.50
2214	0	0	13.40
2215	0	0	13.40
2216	0	0	13.40
2217	0	0	13.40
2218	0	0	13.30
2219	0	0	13.30
2220	0	0	13.30
2221	0	0	13.30
2222	0	0	13.20
2223	0	0	13.20
2224	0	0	13.20
2225	0	0	13.20
2226	0	0	13.10
2227	0	0	13.10
2228	0	0	13.10
2229	0	0	13.10
2230	0	0	13.00
2231	0	0	13.00
2232	0	0	13.00
2233	0	0	13.00
2234	0	0	12.90
2235	0	0	12.90
2236	0	0	12.90
2237	0	0	12.90
2238	0	0	12.80
2239	0	0	12.70
2240	0	0	12.60
2241	0	0	12.50
2242	0	0	12.40
2243	0	0	12.30
2244	0	0	12.20
2245	0	0	12.10
2246	0	0	12.00
2247	0	0	11.90
2248	0	0	11.80
2249	0	0	11.60
2250	0	0	11.50
2251	0	0	11.40
2252	0	0	11.30
2253	0	0	11.20
2254	0	0	11.10
2255	0	0	11.00
2256	0	0	10.90
2257	0	0	10.80
2258	0	0	10.70
2259	0	0	10.60
2260	0	0	10.50
2261	0	0	10.40
2262	0	0	10.30
2263	0	0	10.20
2264	0	0	10.10
2265	0	0	10.00
2266	0	0	9.90
2267	0	0	9.80
2268	0	0	9.80
2269	0	0	9.80
2270	0	0	9.80
2271	0	0	9.80
2272	0	0	9.80
2273	0	0	9.90
2274	0	0	9.90
2275	0	0	9.90
2276	0	0	9.90
2277	0	0	9.90
2278	0	0	9.90
2279	0	0	9.90
2280	0	0	9.90
2281	0	0	10.00
2282	0	0	10.00
2283	0	0	10.00
2284	0	0	10.00
2285	0	0	10.00
2286	0	0	10.00
2287	0	0	10.00
2288	0	0	10.00
2289	0	0	10.00
2290	0	0	10.10
2291	0	0	10.10
2292	0	0	10.10
2293	0	0	10.10
2294	0	0	10.10
2295	0	0	10.10
2296	0	0	10.10
2297	0	0	10.10
2298	0	0	10.20
2299	0	0	10.20
2300	0	0	10.20
2301	0	0	10.20
2302	0	0	10.20
2303	0	0	10.20
2304	0	0	10.20
2305	0	0	10.30
2306	0	0	10.30
2307	0	0	10.30
2308	0	0	10.30
2309	0	0	10.30
2310	0	0	10.30
2311	0	0	10.30
2312	0	0	10.40
2313	0	0	10.40
2314	0	0	10.40
2315	0	0	10.40
2316	0	0	10.40
2317	0	0	10.40
2318	0	0	10.40
2319	0	0	10.50
2320	0	0	10.50
2321	0	0	10.50
2322	0	0	10.50
2323	0	0	10.50
2324	0	0	10.50
2325	0	0	10.50
2326	0	0	10.60
2327	0	0	10.60
2328	0	0	10.60
2329	0	0	10.60
2330	0	0	10.50
2331	0	0	10.30
2332	0	0	10.20
2333	0	0	10.10
2334	0	0	10.00
2335	0	0	9.90
2336	0	0	9.70
2337	0	0	9.60
2338	0	0	9.50
2339	0	0	9.40
2340	0	0	9.30
2341	0	0	9.20
2342	0	0	9.00
2343	0	0	8.90
2344	0	0	8.80
2345	0	0	8.70
2346	0	0	8.60
2347	0	0	8.40
2348	0	0	8.30
2349	0	0	8.20
2350	0	0	8.10
2351	0	0	8.00
2352	0	0	7.80
2353	0	0	7.70
2354	0	0	7.60
2355	0	0	7.50
2356	0	0	7.40
2357	0	0	7.20
2358	0	0	7.10
2359	0	0	7.00
2360	0	0	7.00
2361	0	0	7.00
2362	0	0	7.00
2363	0	0	7.00
2364	0	0	7.00
2365	0	0	7.00
2366	0	0	7.00
2367	0	0	7.00
2368	0	0	7.00
2369	0	0	7.00
2370	0	0	7.00
2371	0	0	7.00
2372	0	0	7.00
2373	0	0	7.00
2374	0	0	7.00
2375	0	0	7.00
2376	0	0	7.00
2377	0	0	7.00
2378	0	0	7.00
2379	0	0	7.00
2380	0	0	7.00
2381	0	0	7.00
2382	0	0	7.00
2383	0	0	7.00
2384	0	0	7.00
2385	0	0	7.00
2386	0	0	7.00
2387	0	0	7.00
2388	0	0	7.00
2389	0	0	7.00
2390	0	0	7.00
2391	0	0	7.10
2392	0	0	7.10
2393	0	0	7.10
2394	0	0	7.20
2395	0	0	7.20
2396	0	0	7.30
2397	0	0	7.30
2398	0	0	7.40
2399	0	0	7.40
2400	0	0	7.50
2401	0	0	7.50
2402	0	0	7.60
2403	0	0	7.60
2404	0	0	7.70
2405	0	0	7.70
2406	0	0	7.80
2407	0	0	7.80
2408	0	0	7.90
2409	0	0	7.90
2410	0	0	8.00
2411	0	0	8.00
2412	0	0	8.10
2413	0	0	8.10
2414	0	0	8.20
2415	0	0	8.20
2416	0	0	8.30
2417	0	0	8.30
2418	0	0	8.30
2419	0	0	8.40
2420	0	0	8.40
2421	0	0	8.40
2422	0	0	8.50
2423	0	0	8.50
2424	0	0	8.60
2425	0	0	8.70
2426	0	0	8.70
2427	0	0	8.80
2428	0	0	8.80
2429	0	0	8.90
2430	0	0	8.90
2431	0	0	9.00
2432	0	0	9.00
2433	0	0	9.10
2434	0	0	9.10
2435	0	0	9.20
2436	0	0	9.20
2437	0	0	9.30
2438	0	0	9.30
2439	0	0	9.40
2440	0	0	9.40
2441	0	0	9.50
2442	0	0	9.50
2443	0	0	9.60
2444	0	0	9.60
2445	0	0	9.70
2446	0	0	9.80
2447	0	0	9.80
2448	0	0	9.90
2449	0	0	9.90
2450	0	0	10.00
2451	0	0	10.00
2452	0	0	10.00
2453	0	0	10.00
2454	0	0	10.00
2455	0	0	10.10
2456	0	0	10.10
2457	0	0	10.10
2458	0	0	10.10
2459	0	0	10.10
2460	0	0	10.10
2461	0	0	10.10
2462	0	0	10.10
2463	0	0	10.10
2464	0	0	10.10
2465	0	0	10.10
2466	0	0	10.10
2467	0	0	10.10
2468	0	0	10.10
2469	0	0	10.10
2470	0	0	10.10
2471	0	0	10.10
2472	0	0	10.20
2473	0	0	10.20
2474	0	0	10.20
2475	0	0	10.20
2476	0	0	10.20
2477	0	0	10.20
2478	0	0	10.20
2479	0	0	10.20
2480	0	0	10.20
2481	0	0	10.30
2482	0	0	10.40
2483	0	0	10.50
2484	0	0	10.60
2485	0	0	10.70
2486	0	0	10.80
2487	0	0	10.90
2488	0	0	11.00
2489	0	0	11.20
2490	0	0	11.30
2491	0	0	11.40
2492	0	0	11.50
2493	0	0	11.60
2494	0	0	11.70
2495	0	0	11.80
2496	0	0	11.90
2497	0	0	12.00
2498	0	0	12.10
2499	0	0	12.20
2500	0	0	12.30
2501	0	0	12.40
2502	0	0	12.50
2503	0	0	12.60
2504	0	0	12.70
2505	0	0	12.90
2506	0	0	13.00
2507	0	0	13.10
2508	0	0	13.20
2509	0	0	13.30
2510	0	0	13.40
2511	0	0	13.40
2512	0	0	13.40
2513	0	0	13.40
2514	0	0	13.40
2515	0	0	13.40
2516	0	0	13.40
2517	0	0	13.40
2518	0	0	13.40
2519	0	0	13.40
2520	0	0	13.40
2521	0	0	13.50
2522	0	0	13.50
2523	0	0	13.50
2524	0	0	13.50
2525	0	0	13.50
2526	0	0	13.50
2527	0	0	13.50
2528	0	0	13.50
2529	0	0	13.50
2530	0	0	13.50
2531	0	0	13.50
2532	0	0	13.50
2533	0	0	13.50
2534	0	0	13.50
2535	0	0	13.50
2536	0	0	13.50
2537	0	0	13.50
2538	0	0	13.60
2539	0	0	13.60
2540	0	0	13.60
2541	0	0	13.60
2542	0	0	13.60
2543	0	0	13.60
2544	0	0	13.60
2545	0	0	13.60
2546	0	0	13.60
2547	0	0	13.60
2548	0	0	13.60
2549	0	0	13.60
2550	0	0	13.60
2551	0	0	13.60
2552	0	0	13.60
2553	0	0	13.60
2554	0	0	13.60
2555	0	0	13.60
2556	0	0	13.60
2557	0	0	13.60
2558	0	0	13.60
2559	0	0	13.60
2560	0	0	13.60
2561	0	0	13.60
2562	0	0	13.60
2563	0	0	13.60
2564	0	0	13.60
2565	0	0	13.60
2566	0	0	13.60
2567	0	0	13.60
2568	0	0	13.60
2569	0	0	13.60
2570	0	0	13.60
2571	0	0	13.60
2572	0	0	13.60
2573	0	0	13.60
2574	0	0	13.60
2575	0	0	13.50
2576	0	0	13.50
2577	0	0	13.50
2578	0	0	13.50
2579	0	0	13.40
2580	0	0	13.40
2581	0	0	13.40
2582	0	0	13.40
2583	0	0	13.30
2584	0	0	13.30
2585	0	0	13.30
2586	0	0	13.30
2587	0	0	13.20
2588	0	0	13.20
2589	0	0	13.20
2590	0	0	13.20
2591	0	0	13.10
2592	0	0	13.10
2593	0	0	13.10
2594	0	0	13.10
2595	0	0	13.00
2596	0	0	13.00
2597	0	0	13.00
2598	0	0	13.00
2599	0	0	12.90
2600	0	0	12.90
2601	0	0	12.90
2602	0	0	12.90
2603	0	0	12.80
2604	0	0	12.70
2605	0	0	12.60
2606	0	0	12.50
2607	0	0	12.40
2608	0	0	12.30
2609	0	0	12.20
2610	0	0	12.10
2611	0	0	12.00
2612	0	0	11.90
2613	0	0	11.80
2614	0	0	11.60
2615	0	0	11.50
2616	0	0	11.40
2617	0	0	11.30
2618	0	0	11.20
2619	0	0	11.10
2620	0	0	11.00
2621	0	0	10.90
2622	0	0	10.80
2623	0	0	10.70
2624	0	0	10.60
2625	0	0	10.50
2626	0	0	10.40
2627	0	0	10.30
2628	0	0	10.20
2629	0	0	10.10
2630	0	0	10.00
2631	0	0	9.90
2632	0	0	9.80
2633	0	0	9.80
2634	0	0	9.80
2635	0	0	9.80
2636	0	0	9.80
2637	0	0	9.80
2638	0	0	9.90
2639	0	0	9.90
2640	0	0	9.90
2641	0	0	9.90
2642	0	0	9.90
2643	0	0	9.90
2644	0	0	9.90
2645	0	0	9.90
2646	0	0	10.00
2647	0	0	10.00
2648	0	0	10.00
2649	0	0	10.00
2650	0	0	10.00
2651	0	0	10.00
2652	0	0	10.00
2653	0	0	10.00
2654	0	0	10.00
2655	0	0	10.10
2656	0	0	10.10
2657	0	0	10.10
2658	0	0	10.10
2659	0	0	10.10
2660	0	0	10.10
2661	0	0	10.10
2662	0	0	10.10
2663	0	0	10.20
2664	0	0	10.20
2665	0	0	10.20
2666	0	0	10.20
2667	0	0	10.20
2668	0	0	10.20
2669	0	0	10.20
2670	0	0	10.30
2671	0	0	10.30
2672	0	0	10.30
2673	0	0	10.30
2674	0	0	10.30
2675	0	0	10.30
2676	0	0	10.30
2677	0	0	10.40
2678	0	0	10.40
2679	0	0	10.40
2680	0	0	10.40
2681	0	0	10.40
2682	0	0	10.40
2683	0	0	10.40
2684	0	0	10.50
2685	0	0	10.50
2686	0	0	10.50
2687	0	0	10.50
2688	0	0	10.50
2689	0	0	10.50
2690	0	0	10.50
2691	0	0	10.60
2692	0	0	10.60
2693	0	0	10.60
2694	0	0	10.60
2695	0	0	10.50
2696	0	0	10.30
2697	0	0	10.20
2698	0	0	10.10
2699	0	0	10.00
2700	0	0	9.90
2701	0	0	9.70
2702	0	0	9.60
2703	0	0	9.50
2704	0	0	9.40
2705	0	0	9.30
2706	0	0	9.20
2707	0	0	9.00
2708	0	0	8.90
2709	0	0	8.80
2710	0	0	8.70
2711	0	0	8.60
2712	0	0	8.40
2713	0	0	8.30
2714	0	0	8.20
2715	0	0	8.10
2716	0	0	8.00
2717	0	0	7.80
2718	0	0	7.70
2719	0	0	7.60
2720	0	0	7.50
2721	0	0	7.40
2722	0	0	7.20
2723	0	0	7.10
2724	0	0	7.00
2725	0	0	7.00
2726	0	0	7.00
2727	0	0	7.00
2728	0	0	7.00
2729	0	0	7.00
2730	0	0	7.00
2731	0	0	7.00
2732	0	0	7.00
2733	0	0	7.00
2734	0	0	7.00
2735	0	0	7.00
2736	0	0	7.00
2737	0	0	7.00
2738	0	0	7.00
2739	0	0	7.00
2740	0	0	7.00
2741	0	0	7.00
2742	0	0	7.00
2743	0	0	7.00
2744	0	0	7.00
2745	0	0	7.00
2746	0	0	7.00
2747	0	0	7.00
2748	0	0	7.00
2749	0	0	7.00
2750	0	0	7.00
2751	0	0	7.00
2752	0	0	7.00
2753	0	0	7.00
2754	0	0	7.00
2755	0	0	7.00
2756	0	0	7.10
2757	0	0	7.10
2758	0	0	7.10
2759	0	0	7.20
2760	0	0	7.20
2761	0	0	7.30
2762	0	0	7.30
2763	0	0	7.40
2764	0	0	7.40
2765	0	0	7.50
2766	0	0	7.50
2767	0	0	7.60
2768	0	0	7.60
2769	0	0	7.70
2770	0	0	7.70
2771	0	0	7.80
2772	0	0	7.80
2773	0	0	7.90
2774	0	0	7.90
2775	0	0	8.00
2776	0	0	8.00
2777	0	0	8.10
2778	0	0	8.10
2779	0	0	8.20
2780	0	0	8.20
2781	0	0	8.30
2782	0	0	8.30
2783	0	0	8.30
2784	0	0	8.40
2785	0	0	8.40
2786	0	0	8.40
2787	0	0	8.50
2788	0	0	8.50
2789	0	0	8.60
2790	0	0	8.70
2791	0	0	8.70
2792	0	0	8.80
2793	0	0	8.80
2794	0	0	8.90
2795	0	0	8.90
2796	0	0	9.00
2797	0	0	9.00
2798	0	0	9.10
2799	0	0	9.10
2800	0	0	9.20
2801	0	0	9.20
2802	0	0	9.30
2803	0	0	9.30
2804	0	0	9.40
2805	0	0	9.40
2806	0	0	9.50
2807	0	0	9.50
2808	0	0	9.60
2809	0	0	9.60
2810	0	0	9.70
2811	0	0	9.80
2812	0	0	9.80
2813	0	0	9.90
2814	0	0	9.90
2815	0	0	10.00
2816	0	0	10.00
2817	0	0	10.00
2818	0	0	10.00
2819	0	0	10.00
2820	0	0	10.00
2821	0	0	10.10
2822	0	0	10.10
2823	0	0	10.10
2824	0	0	10.10
2825	0	0	10.10
2826	0	0	10.10
2827	0	0	10.10
2828	0	0	10.10
2829	0	0	10.10
2830	0	0	10.10
2831	0	0	10.10
2832	0	0	10.10
2833	0	0	10.10
2834	0	0	10.10
2835	0	0	10.10
2836	0	0	10.10
2837	0	0	10.10
2838	0	0	10.20
2839	0	0	10.20
2840	0	0	10.20
2841	0	0	10.20
2842	0	0	10.20
2843	0	0	10.20
2844	0	0	10.20
2845	0	0	10.20
2846	0	0	10.20
2847	0	0	10.30
2848	0	0	10.40
2849	0	0	10.50
2850	0	0	10.60
2851	0	0	10.70
2852	0	0	10.80
2853	0	0	10.90
2854	0	0	11.00
2855	0	0	11.20
2856	0	0	11.30
2857	0	0	11.40
2858	0	0	11.50
2859	0	0	11.60
2860	0	0	11.70
2861	0	0	11.80
2862	0	0	11.90
2863	0	0	12.00
2864	0	0	12.10
2865	0	0	12.20
2866	0	0	12.30
2867	0	0	12.40
2868	0	0	12.50
2869	0	0	12.60
2870	0	0	12.70
2871	0	0	12.90
2872	0	0	13.00
2873	0	0	13.10
2874	0	0	13.20
2875	0	0	13.30
2876	0	0	13.40
2877	0	0	13.40
2878	0	0	13.40
2879	0	0	13.40
2880	0	0	13.40
2881	0	0	13.40
2882	0	0	13.40
2883	0	0	13.40
2884	0	0	13.40
2885	0	0	13.40
2886	0	0	13.40
2887	0	0	13.50
2888	0	0	13.50
2889	0	0	13.50
2890	0	0	13.50
2891	0	0	13.50
2892	0	0	13.50
2893	0	0	13.50
2894	0	0	13.50
2895	0	0	13.50
2896	0	0	13.50
2897	0	0	13.50
2898	0	0	13.50
2899	0	0	13.50
2900	0	0	13.50
2901	0	0	13.50
2902	0	0	13.50
2903	0	0	13.50
2904	0	0	13.60
2905	0	0	13.60
2906	0	0	13.60
2907	0	0	13.60
2908	0	0	13.60
2909	0	0	13.60
2910	0	0	13.60
2911	0	0	13.60
2912	0	0	13.60
2913	0	0	13.60
2914	0	0	13.60
2915	0	0	13.60
2916	0	0	13.60
2917	0	0	13.60
2918	0	0	13.60
2919	0	0	13.60
2920	0	0	13.60
2921	0	0	13.60
2922	0	0	13.60
2923	0	0	13.60
2924	0	0	13.60
2925	0	0	13.60
2926	0	0	13.60
2927	0	0	13.60
2928	0	0	13.60
2929	0	0	13.60
2930	0	0	13.60
2931	0	0	13.60
2932	0	0	13.60
2933	0	0	13.60
2934	0	0	13.60
2935	0	0	13.60
2936	0	0	13.60
2937	0	0	13.60
2938	0	0	13.60
2939	0	0	13.60
2940	0	0	13.60
2941	0	0	13.50
2942	0	0	13.50
2943	0	0	13.50
2944	0	0	13.50
2945	0	0	13.40
2946	0	0	13.40
2947	0	0	13.40
2948	0	0	13.40
2949	0	0	13.30
2950	0	0	13.30
2951	0	0	13.30
2952	0	0	13.30
2953	0	0	13.20
2954	0	0	13.20
2955	0	0	13.20
2956	0	0	13.20
2957	0	0	13.10
2958	0	0	13.10
2959	0	0	13.10
2960	0	0	13.10
2961	0	0	13.00
2962	0	0	13.00
2963	0	0	13.00
2964	0	0	13.00
2965	0	0	12.90
2966	0	0	12.90
2967	0	0	12.90
2968	0	0	12.90
2969	0	0	12.80
2970	0	0	12.70
2971	0	0	12.60
2972	0	0	12.50
2973	0	0	12.40
2974	0	0	12.30
2975	0	0	12.20
2976	0	0	12.10
2977	0	0	12.00
2978	0	0	11.90
2979	0	0	11.80
2980	0	0	11.60
2981	0	0	11.50
2982	0	0	11.40
2983	0	0	11.30
2984	0	0	11.20
2985	0	0	11.10
2986	0	0	11.00
2987	0	0	10.90
2988	0	0	10.80
2989	0	0	10.70
2990	0	0	10.60
2991	0	0	10.50
2992	0	0	10.40
2993	0	0	10.30
2994	0	0	10.20
2995	0	0	10.10
2996	0	0	10.00
2997	0	0	9.90
2998	0	0	9.80
2999	0	0	9.80
3000	0	0	9.80
3001	0	0	9.80
3002	0	0	9.80
3003	0	0	9.80
3004	0	0	9.90
3005	0	0	9.90
3006	0	0	9.90
3007	0	0	9.90
3008	0	0	9.90
3009	0	0	9.90
3010	0	0	9.90
3011	0	0	9.90
3012	0	0	10.00
3013	0	0	10.00
3014	0	0	10.00
3015	0	0	10.00
3016	0	0	10.00
3017	0	0	10.00
3018	0	0	10.00
3019	0	0	10.00
3020	0	0	10.00
3021	0	0	10.10
3022	0	0	10.10
3023	0	0	10.10
3024	0	0	10.10
3025	0	0	10.10
3026	0	0	10.10
3027	0	0	10.10
3028	0	0	10.10
3029	0	0	10.20
3030	0	0	10.20
3031	0	0	10.20
3032	0	0	10.20
3033	0	0	10.20
3034	0	0	10.20
3035	0	0	10.20
3036	0	0	10.30
3037	0	0	10.30
3038	0	0	10.30
3039	0	0	10.30
3040	0	0	10.30
3041	0	0	10.30
3042	0	0	10.30
3043	0	0	10.40
3044	0	0	10.40
3045	0	0	10.40
3046	0	0	10.40
3047	0	0	10.40
3048	0	0	10.40
3049	0	0	10.40
3050	0	0	10.50
3051	0	0	10.50
3052	0	0	10.50
3053	0	0	10.50
3054	0	0	10.50
3055	0	0	10.50
3056	0	0	10.50
3057	0	0	10.60
3058	0	0	10.60
3059	0	0	10.60
3060	0	0	10.60
3061	0	0	10.50
3062	0	0	10.30
3063	0	0	10.20
3064	0	0	10.10
3065	0	0	10.00
3066	0	0	9.90
3067	0	0	9.70
3068	0	0	9.60
3069	0	0	9.50
3070	0	0	9.40
3071	0	0	9.30
3072	0	0	9.20
3073	0	0	9.00
3074	0	0	8.90
3075	0	0	8.80
3076	0	0	8.70
3077	0	0	8.60
3078	0	0	8.40
3079	0	0	8.30
3080	0	0	8.20
3081	0	0	8.10
3082	0	0	8.00
3083	0	0	7.80
3084	0	0	7.70
3085	0	0	7.60
3086	0	0	7.50
3087	0	0	7.40
3088	0	0	7.20
3089	0	0	7.10
3090	0	0	7.00
3091	0	0	7.00
3092	0	0	7.00
3093	0	0	7.00
3094	0	0	7.00
3095	0	0	7.00
3096	0	0	7.00
3097	0	0	7.00
3098	0	0	7.00
3099	0	0	7.00
3100	0	0	7.00
3101	0	0	7.00
3102	0	0	7.00
3103	0	0	7.00
3104	0	0	7.00
3105	0	0	7.00
3106	0	0	7.00
3107	0	0	7.00
3108	0	0	7.00
3109	0	0	7.00
3110	0	0	7.00
3111	0	0	7.00
3112	0	0	7.00
3113	0	0	7.00
3114	0	0	7.00
3115	0	0	7.00
3116	0	0	7.00
3117	0	0	7.00
3118	0	0	7.00
3119	0	0	7.00
3120	0	0	7.00
3121	0	0	7.00
3122	0	0	7.10
3123	0	0	7.10
3124	0	0	7.10
3125	0	0	7.20
3126	0	0	7.20
3127	0	0	7.30
3128	0	0	7.30
3129	0	0	7.40
3130	0	0	7.40
3131	0	0	7.50
3132	0	0	7.50
3133	0	0	7.60
3134	0	0	7.60
3135	0	0	7.70
3136	0	0	7.70
3137	0	0	7.80
3138	0	0	7.80
3139	0	0	7.90
3140	0	0	7.90
3141	0	0	8.00
3142	0	0	8.00
3143	0	0	8.10
3144	0	0	8.10
3145	0	0	8.20
3146	0	0	8.20
3147	0	0	8.30
3148	0	0	8.30
3149	0	0	8.30
3150	0	0	8.40
3151	0	0	8.40
3152	0	0	8.40
3153	0	0	8.50
3154	0	0	8.50
3155	0	0	8.60
3156	0	0	8.70
3157	0	0	8.70
3158	0	0	8.80
3159	0	0	8.80
3160	0	0	8.90
3161	0	0	8.90
3162	0	0	9.00
3163	0	0	9.00
3164	0	0	9.10
3165	0	0	9.10
3166	0	0	9.20
3167	0	0	9.20
3168	0	0	9.30
3169	0	0	9.30
3170	0	0	9.40
3171	0	0	9.40
3172	0	0	9.50
3173	0	0	9.50
3174	0	0	9.60
3175	0	0	9.60
3176	0	0	9.70
3177	0	0	9.80
3178	0	0	9.80
3179	0	0	9.90
3180	0	0	9.90
3181	0	0	10.00
3182	0	0	10.00
3183	0	0	10.00
3184	0	0	10.00
3185	0	0	10.00
3186	0	0	10.10
3187	0	0	10.10
3188	0	0	10.10
3189	0	0	10.10
3190	0	0	10.10
3191	0	0	10.10
3192	0	0	10.10
3193	0	0	10.10
3194	0	0	10.10
3195	0	0	10.10
3196	0	0	10.10
3197	0	0	10.10
3198	0	0	10.10
3199	0	0	10.10
3200	0	0	10.10
3201	0	0	10.10
3202	0	0	10.10
3203	0	0	10.20
3204	0	0	10.20
3205	0	0	10.20
3206	0	0	10.20
3207	0	0	10.20
3208	0	0	10.20
3209	0	0	10.20
3210	0	0	10.20
3211	0	0	10.20
3212	0	0	10.30
3213	0	0	10.40
3214	0	0	10.50
3215	0	0	10.60
3216	0	0	10.70
3217	0	0	10.80
3218	0	0	10.90
3219	0	0	11.00
3220	0	0	11.20
3221	0	0	11.30
3222	0	0	11.40
3223	0	0	11.50
3224	0	0	11.60
3225	0	0	11.70
3226	0	0	11.80
3227	0	0	11.90
3228	0	0	12.00
3229	0	0	12.10
3230	0	0	12.20
3231	0	0	12.30
3232	0	0	12.40
3233	0	0	12.50
3234	0	0	12.60
3235	0	0	12.70
3236	0	0	12.90
3237	0	0	13.00
3238	0	0	13.10
3239	0	0	13.20
3240	0	0	13.30
3241	0	0	13.40
3242	0	0	13.40
3243	0	0	13.40
3244	0	0	13.40
3245	0	0	13.40
3246	0	0	13.40
3247	0	0	13.40
3248	0	0	13.40
3249	0	0	13.40
3250	0	0	13.40
3251	0	0	13.40
3252	0	0	13.50
3253	0	0	13.50
3254	0	0	13.50
3255	0	0	13.50
3256	0	0	13.50
3257	0	0	13.50
3258	0	0	13.50
3259	0	0	13.50
3260	0	0	13.50
3261	0	0	13.50
3262	0	0	13.50
3263	0	0	13.50
3264	0	0	13.50
3265	0	0	13.50
3266	0	0	13.50
3267	0	0	13.50
3268	0	0	13.50
3269	0	0	13.60
3270	0	0	13.60
3271	0	0	13.60
3272	0	0	13.60
3273	0	0	13.60
3274	0	0	13.60
3275	0	0	13.60
3276	0	0	13.60
3277	0	0	13.60
3278	0	0	13.60
3279	0	0	13.60
3280	0	0	13.60
3281	0	0	13.60
3282	0	0	13.60
3283	0	0	13.60
3284	0	0	13.60
3285	0	0	13.60
3286	0	0	13.60
3287	0	0	13.60
3288	0	0	13.60
3289	0	0	13.60
3290	0	0	13.60
3291	0	0	13.60
3292	0	0	13.60
3293	0	0	13.60
3294	0	0	13.60
3295	0	0	13.60
3296	0	0	13.60
3297	0	0	13.60
3298	0	0	13.60
3299	0	0	13.60
3300	0	0	13.60
3301	0	0	13.60
3302	0	0	13.60
3303	0	0	13.60
3304	0	0	13.60
3305	0	0	13.60
3306	0	0	13.50
3307	0	0	13.50
3308	0	0	13.50
3309	0	0	13.50
3310	0	0	13.40
3311	0	0	13.40
3312	0	0	13.40
3313	0	0	13.40
3314	0	0	13.30
3315	0	0	13.30
3316	0	0	13.30
3317	0	0	13.30
3318	0	0	13.20
3319	0	0	13.20
3320	0	0	13.20
3321	0	0	13.20
3322	0	0	13.10
3323	0	0	13.10
3324	0	0	13.10
3325	0	0	13.10
3326	0	0	13.00
3327	0	0	13.00
3328	0	0	13.00
3329	0	0	13.00
3330	0	0	12.90
3331	0	0	12.90
3332	0	0	12.90
3333	0	0	12.90
3334	0	0	12.80
3335	0	0	12.70
3336	0	0	12.60
3337	0	0	12.50
3338	0	0	12.40
3339	0	0	12.30
3340	0	0	12.20
3341	0	0	12.10
3342	0	0	12.00
3343	0	0	11.90
3344	0	0	11.80
3345	0	0	11.60
3346	0	0	11.50
3347	0	0	11.40
3348	0	0	11.30
3349	0	0	11.20
3350	0	0	11.10
3351	0	0	11.00
3352	0	0	10.90
3353	0	0	10.80
3354	0	0	10.70
3355	0	0	10.60
3356	0	0	10.50
3357	0	0	10.40
3358	0	0	10.30
3359	0	0	10.20
3360	0	0	10.10
3361	0	0	10.00
3362	0	0	9.90
3363	0	0	9.80
3364	0	0	9.80
3365	0	0	9.80
3366	0	0	9.80
3367	0	0	9.80
3368	0	0	9.80
3369	0	0	9.90
3370	0	0	9.90
3371	0	0	9.90
3372	0	0	9.90
3373	0	0	9.90
3374	0	0	9.90
3375	0	0	9.90
3376	0	0	9.90
3377	0	0	10.00
3378	0	0	10.00
3379	0	0	10.00
3380	0	0	10.00
3381	0	0	10.00
3382	0	0	10.00
3383	0	0	10.00
3384	0	0	10.00
3385	0	0	10.00
3386	0	0	10.10
3387	0	0	10.10
3388	0	0	10.10
3389	0	0	10.10
3390	0	0	10.10
3391	0	0	10.10
3392	0	0	10.10
3393	0	0	10.10
3394	0	0	10.20
3395	0	0	10.20
3396	0	0	10.20
3397	0	0	10.20
3398	0	0	10.20
3399	0	0	10.20
3400	0	0	10.20
3401	0	0	10.30
3402	0	0	10.30
3403	0	0	10.30
3404	0	0	10.30
3405	0	0	10.30
3406	0	0	10.30
3407	0	0	10.30
3408	0	0	10.40
3409	0	0	10.40
3410	0	0	10.40
3411	0	0	10.40
3412	0	0	10.40
3413	0	0	10.40
3414	0	0	10.40
3415	0	0	10.50
3416	0	0	10.50
3417	0	0	10.50
3418	0	0	10.50
3419	0	0	10.50
3420	0	0	10.50
3421	0	0	10.50
3422	0	0	10.60
3423	0	0	10.60
3424	0	0	10.60
3425	0	0	10.60
3426	0	0	10.50
3427	0	0	10.30
3428	0	0	10.20
3429	0	0	10.10
3430	0	0	10.00
3431	0	0	9.90
3432	0	0	9.70
3433	0	0	9.60
3434	0	0	9.50
3435	0	0	9.40
3436	0	0	9.30
3437	0	0	9.20
3438	0	0	9.00
3439	0	0	8.90
3440	0	0	8.80
3441	0	0	8.70
3442	0	0	8.60
3443	0	0	8.40
3444	0	0	8.30
3445	0	0	8.20
3446	0	0	8.10
3447	0	0	8.00
3448	0	0	7.80
3449	0	0	7.70
3450	0	0	7.60
3451	0	0	7.50
3452	0	0	7.40
3453	0	0	7.20
3454	0	0	7.10
3455	0	0	7.00
3456	0	0	7.00
3457	0	0	7.00
3458	0	0	7.00
3459	0	0	7.00
3460	0	0	7.00
3461	0	0	7.00
3462	0	0	7.00
3463	0	0	7.00
3464	0	0	7.00
3465	0	0	7.00
3466	0	0	7.00
3467	0	0	7.00
3468	0	0	7.00
3469	0	0	7.00
3470	0	0	7.00
3471	0	0	7.00
3472	0	0	7.00
3473	0	0	7.00
3474	0	0	7.00
3475	0	0	7.00
3476	0	0	7.00
3477	0	0	7.00
3478	0	0	7.00
3479	0	0	7.00
3480	0	0	7.00
3481	0	0	7.00
3482	0	0	7.00
3483	0	0	7.00
3484	0	0	7.00
3485	0	0	7.00
3486	0	0	7.00
3487	0	0	7.10
3488	0	0	7.10
3489	0	0	7.10
3490	0	0	7.20
3491	0	0	7.20
3492	0	0	7.30
3493	0	0	7.30
3494	0	0	7.40
3495	0	0	7.40
3496	0	0	7.50
3497	0	0	7.50
3498	0	0	7.60
3499	0	0	7.60
3500	0	0	7.70
3501	0	0	7.70
3502	0	0	7.80
3503	0	0	7.80
3504	0	0	7.90
3505	0	0	7.90
3506	0	0	8.00
3507	0	0	8.00
3508	0	0	8.10
3509	0	0	8.10
3510	0	0	8.20
3511	0	0	8.20
3512	0	0	8.30
3513	0	0	8.30
3514	0	0	8.30
3515	0	0	8.40
3516	0	0	8.40
3517	0	0	8.40
3518	0	0	8.50
3519	0	0	8.50
3520	0	0	8.60
3521	0	0	8.70
3522	0	0	8.70
3523	0	0	8.80
3524	0	0	8.80
3525	0	0	8.90
3526	0	0	8.90
3527	0	0	9.00
3528	0	0	9.00
3529	0	0	9.10
3530	0	0	9.10
3531	0	0	9.20
3532	0	0	9.20
3533	0	0	9.30
3534	0	0	9.30
3535	0	0	9.40
3536	0	0	9.40
3537	0	0	9.50
3538	0	0	9.50
3539	0	0	9.60
3540	0	0	9.60
3541	0	0	9.70
3542	0	0	9.80
3543	0	0	9.80
3544	0	0	9.90
3545	0	0	9.90
3546	0	0	10.00
3547	0	0	10.00
3548	0	0	10.00
3549	0	0	10.00
3550	0	0	10.00
3551	0	0	10.10
3552	0	0	10.10
3553	0	0	10.10
3554	0	0	10.10
3555	0	0	10.10
3556	0	0	10.10
3557	0	0	10.10
3558	0	0	10.10
3559	0	0	10.10
3560	0	0	10.10
3561	0	0	10.10
3562	0	0	10.10
3563	0	0	10.10
3564	0	0	10.10
3565	0	0	10.10
3566	0	0	10.10
3567	0	0	10.10
3568	0	0	10.20
3569	0	0	10.20
3570	0	0	10.20
3571	0	0	10.20
3572	0	0	10.20
3573	0	0	10.20
3574	0	0	10.20
3575	0	0	10.20
3576	0	0	10.20
3577	0	0	10.30
3578	0	0	10.40
3579	0	0	10.50
3580	0	0	10.60
3581	0	0	10.70
3582	0	0	10.80
3583	0	0	10.90
3584	0	0	11.00
3585	0	0	11.20
3586	0	0	11.30
3587	0	0	11.40
3588	0	0	11.50
3589	0	0	11.60
3590	0	0	11.70
3591	0	0	11.80
3592	0	0	11.90
3593	0	0	12.00
3594	0	0	12.10
3595	0	0	12.20
3596	0	0	12.30
3597	0	0	12.40
3598	0	0	12.50
3599	0	0	12.60
3600	0	0	12.70
3601	0	0	12.90
3602	0	0	13.00
3603	0	0	13.10
3604	0	0	13.20
3605	0	0	13.30
3606	0	0	13.40
3607	0	0	13.40
3608	0	0	13.40
3609	0	0	13.40
3610	0	0	13.40
3611	0	0	13.40
3612	0	0	13.40
3613	0	0	13.40
3614	0	0	13.40
3615	0	0	13.40
3616	0	0	13.40
3617	0	0	13.50
3618	0	0	13.50
3619	0	0	13.50
3620	0	0	13.50
3621	0	0	13.50
3622	0	0	13.50
3623	0	0	13.50
3624	0	0	13.50
3625	0	0	13.50
3626	0	0	13.50
3627	0	0	13.50
3628	0	0	13.50
3629	0	0	13.50
3630	0	0	13.50
3631	0	0	13.50
3632	0	0	13.50
3633	0	0	13.50
3634	0	0	13.60
3635	0	0	13.60
3636	0	0	13.60
3637	0	0	13.60
3638	0	0	13.60
3639	0	0	13.60
3640	0	0	13.60
3641	0	0	13.60
3642	0	0	13.60
3643	0	0	13.60
3644	0	0	13.60
3645	0	0	13.60
3646	0	0	13.60
3647	0	0	13.60
3648	0	0	13.60
3649	0	0	13.60
3650	0	0	13.60
3651	0	0	13.60