TIME_UNITS d
DATA_UNITS m
0	0	0	12.5
1	0	0	12.5
2	0	0	12.4
3	0	0	12.3
4	0	0	12.2
5	0	0	12.1
6	0	0	12.0
7	0	0	11.9
8	0	0	11.8
9	0	0	11.7
10	0	0	11.6
11	0	0	11.6
12	0	0	11.6
13	0	0	11.6
14	0	0	11.6
15	0	0	11.6
16	0	0	11.6
17	0	0	11.6
18	0	0	11.6
19	0	0	11.5
20	0	0	11.5
21	0	0	11.5
22	0	0	11.5
23	0	0	11.4
24	0	0	11.4
25	0	0	11.4
26	0	0	11.4
27	0	0	11.3
28	0	0	11.3
29	0	0	11.3
30	0	0	11.3
31	0	0	11.2
32	0	0	11.2
33	0	0	11.2
34	0	0	11.2
35	0	0	11.1
36	0	0	11.1
37	0	0	11.1
38	0	0	11.1
39	0	0	11.0
40	0	0	11.0
41	0	0	11.0
42	0	0	11.0
43	0	0	10.9
44	0	0	10.9
45	0	0	10.9
46	0	0	10.9
47	0	0	10.8
48	0	0	10.7
49	0	0	10.6
50	0	0	10.5
51	0	0	10.4
52	0	0	10.3
53	0	0	10.2
54	0	0	10.1
55	0	0	10.0
56	0	0	9.9
57	0	0	9.8
58	0	0	9.6
59	0	0	9.5
60	0	0	9.4
61	0	0	9.3
62	0	0	9.2
63	0	0	9.1
64	0	0	9.0
65	0	0	8.9
66	0	0	8.8
67	0	0	8.7
68	0	0	8.6
69	0	0	8.5
70	0	0	8.4
71	0	0	8.3
72	0	0	8.2
73	0	0	8.1
74	0	0	8.0
75	0	0	7.9
76	0	0	7.8
77	0	0	7.8
78	0	0	7.8
79	0	0	7.8
80	0	0	7.8
81	0	0	7.8
82	0	0	7.9
83	0	0	7.9
84	0	0	7.9
85	0	0	7.9
86	0	0	7.9
87	0	0	7.9
88	0	0	7.9
89	0	0	7.9
90	0	0	8.0
91	0	0	8.0
92	0	0	8.0
93	0	0	8.0
94	0	0	8.0
95	0	0	8.0
96	0	0	8.0
97	0	0	8.0
98	0	0	8.0
99	0	0	8.1
100	0	0	8.1
101	0	0	8.1
102	0	0	8.1
103	0	0	8.1
104	0	0	8.1
105	0	0	8.1
106	0	0	8.1
107	0	0	8.2
108	0	0	8.2
109	0	0	8.2
110	0	0	8.2
111	0	0	8.2
112	0	0	8.2
113	0	0	8.2
114	0	0	8.3
115	0	0	8.3
116	0	0	8.3
117	0	0	8.3
118	0	0	8.3
119	0	0	8.3
120	0	0	8.3
121	0	0	8.4
122	0	0	8.4
123	0	0	8.4
124	0	0	8.4
125	0	0	8.4
126	0	0	8.4
127	0	0	8.4
128	0	0	8.5
129	0	0	8.5
130	0	0	8.5
131	0	0	8.5
132	0	0	8.5
133	0	0	8.5
134	0	0	8.5
135	0	0	8.6
136	0	0	8.6
137	0	0	8.6
138	0	0	8.6
139	0	0	8.5
140	0	0	8.3
141	0	0	8.2
142	0	0	8.1
143	0	0	8.0
144	0	0	7.9
145	0	0	7.7
146	0	0	7.6
147	0	0	7.5
148	0	0	7.4
149	0	0	7.3
150	0	0	7.2
151	0	0	7.0
152	0	0	6.9
153	0	0	6.8
154	0	0	6.7
155	0	0	6.6
156	0	0	6.4
157	0	0	6.3
158	0	0	6.2
159	0	0	6.1
160	0	0	6.0
161	0	0	5.8
162	0	0	5.7
163	0	0	5.6
164	0	0	5.5
165	0	0	5.4
166	0	0	5.2
167	0	0	5.1
168	0	0	5.0
169	0	0	5.0
170	0	0	5.0
171	0	0	5.0
172	0	0	5.0
173	0	0	5.0
174	0	0	5.0
175	0	0	5.0
176	0	0	5.0
177	0	0	5.0
178	0	0	5.0
179	0	0	5.0
180	0	0	5.0
181	0	0	5.0
182	0	0	5.0
183	0	0	5.0
184	0	0	5.0
185	0	0	5.0
186	0	0	5.0
187	0	0	5.0
188	0	0	5.0
189	0	0	5.0
190	0	0	5.0
191	0	0	5.0
192	0	0	5.0
193	0	0	5.0
194	0	0	5.0
195	0	0	5.0
196	0	0	5.0
197	0	0	5.0
198	0	0	5.0
199	0	0	5.0
200	0	0	5.1
201	0	0	5.1
202	0	0	5.1
203	0	0	5.2
204	0	0	5.2
205	0	0	5.3
206	0	0	5.3
207	0	0	5.4
208	0	0	5.4
209	0	0	5.5
210	0	0	5.5
211	0	0	5.6
212	0	0	5.6
213	0	0	5.7
214	0	0	5.7
215	0	0	5.8
216	0	0	5.8
217	0	0	5.9
218	0	0	5.9
219	0	0	6.0
220	0	0	6.0
221	0	0	6.1
222	0	0	6.1
223	0	0	6.2
224	0	0	6.2
225	0	0	6.3
226	0	0	6.3
227	0	0	6.3
228	0	0	6.4
229	0	0	6.4
230	0	0	6.4
231	0	0	6.5
232	0	0	6.5
233	0	0	6.6
234	0	0	6.7
235	0	0	6.7
236	0	0	6.8
237	0	0	6.8
238	0	0	6.9
239	0	0	6.9
240	0	0	7.0
241	0	0	7.0
242	0	0	7.1
243	0	0	7.1
244	0	0	7.2
245	0	0	7.2
246	0	0	7.3
247	0	0	7.3
248	0	0	7.4
249	0	0	7.4
250	0	0	7.5
251	0	0	7.5
252	0	0	7.6
253	0	0	7.6
254	0	0	7.7
255	0	0	7.8
256	0	0	7.8
257	0	0	7.9
258	0	0	7.9
259	0	0	8.0
260	0	0	8.0
261	0	0	8.0
262	0	0	8.0
263	0	0	8.0
264	0	0	8.1
265	0	0	8.1
266	0	0	8.1
267	0	0	8.1
268	0	0	8.1
269	0	0	8.1
270	0	0	8.1
271	0	0	8.1
272	0	0	8.1
273	0	0	8.1
274	0	0	8.1
275	0	0	8.1
276	0	0	8.1
277	0	0	8.1
278	0	0	8.1
279	0	0	8.1
280	0	0	8.1
281	0	0	8.2
282	0	0	8.2
283	0	0	8.2
284	0	0	8.2
285	0	0	8.2
286	0	0	8.2
287	0	0	8.2
288	0	0	8.2
289	0	0	8.2
290	0	0	8.3
291	0	0	8.4
292	0	0	8.5
293	0	0	8.6
294	0	0	8.7
295	0	0	8.8
296	0	0	8.9
297	0	0	9.0
298	0	0	9.2
299	0	0	9.3
300	0	0	9.4
301	0	0	9.5
302	0	0	9.6
303	0	0	9.7
304	0	0	9.8
305	0	0	9.9
306	0	0	10.0
307	0	0	10.1
308	0	0	10.2
309	0	0	10.3
310	0	0	10.4
311	0	0	10.5
312	0	0	10.6
313	0	0	10.7
314	0	0	10.9
315	0	0	11.0
316	0	0	11.1
317	0	0	11.2
318	0	0	11.3
319	0	0	11.4
320	0	0	11.4
321	0	0	11.4
322	0	0	11.4
323	0	0	11.4
324	0	0	11.4
325	0	0	11.4
326	0	0	11.4
327	0	0	11.4
328	0	0	11.4
329	0	0	11.4
330	0	0	11.5
331	0	0	11.5
332	0	0	11.5
333	0	0	11.5
334	0	0	11.5
335	0	0	11.5
336	0	0	11.5
337	0	0	11.5
338	0	0	11.5
339	0	0	11.5
340	0	0	11.5
341	0	0	11.5
342	0	0	11.5
343	0	0	11.5
344	0	0	11.5
345	0	0	11.5
346	0	0	11.5
347	0	0	11.6
348	0	0	11.6
349	0	0	11.6
350	0	0	11.6
351	0	0	11.6
352	0	0	11.6
353	0	0	11.6
354	0	0	11.6
355	0	0	11.6
356	0	0	11.6
357	0	0	11.6
358	0	0	11.6
359	0	0	11.6
360	0	0	11.6
361	0	0	11.6
362	0	0	11.6
363	0	0	11.6
364	0	0	11.6
365	0	0	11.6
366	0	0	11.6
367	0	0	11.6
368	0	0	11.6
369	0	0	11.6
370	0	0	11.6
371	0	0	11.6
372	0	0	11.6
373	0	0	11.6
374	0	0	11.6
375	0	0	11.6
376	0	0	11.6
377	0	0	11.6
378	0	0	11.6
379	0	0	11.6
380	0	0	11.6
381	0	0	11.6
382	0	0	11.6
383	0	0	11.6
384	0	0	11.5
385	0	0	11.5
386	0	0	11.5
387	0	0	11.5
388	0	0	11.4
389	0	0	11.4
390	0	0	11.4
391	0	0	11.4
392	0	0	11.3
393	0	0	11.3
394	0	0	11.3
395	0	0	11.3
396	0	0	11.2
397	0	0	11.2
398	0	0	11.2
399	0	0	11.2
400	0	0	11.1
401	0	0	11.1
402	0	0	11.1
403	0	0	11.1
404	0	0	11.0
405	0	0	11.0
406	0	0	11.0
407	0	0	11.0
408	0	0	10.9
409	0	0	10.9
410	0	0	10.9
411	0	0	10.9
412	0	0	10.8
413	0	0	10.7
414	0	0	10.6
415	0	0	10.5
416	0	0	10.4
417	0	0	10.3
418	0	0	10.2
419	0	0	10.1
420	0	0	10.0
421	0	0	9.9
422	0	0	9.8
423	0	0	9.6
424	0	0	9.5
425	0	0	9.4
426	0	0	9.3
427	0	0	9.2
428	0	0	9.1
429	0	0	9.0
430	0	0	8.9
431	0	0	8.8
432	0	0	8.7
433	0	0	8.6
434	0	0	8.5
435	0	0	8.4
436	0	0	8.3
437	0	0	8.2
438	0	0	8.1
439	0	0	8.0
440	0	0	7.9
441	0	0	7.8
442	0	0	7.8
443	0	0	7.8
444	0	0	7.8
445	0	0	7.8
446	0	0	7.8
447	0	0	7.9
448	0	0	7.9
449	0	0	7.9
450	0	0	7.9
451	0	0	7.9
452	0	0	7.9
453	0	0	7.9
454	0	0	7.9
455	0	0	8.0
456	0	0	8.0
457	0	0	8.0
458	0	0	8.0
459	0	0	8.0
460	0	0	8.0
461	0	0	8.0
462	0	0	8.0
463	0	0	8.0
464	0	0	8.1
465	0	0	8.1
466	0	0	8.1
467	0	0	8.1
468	0	0	8.1
469	0	0	8.1
470	0	0	8.1
471	0	0	8.1
472	0	0	8.2
473	0	0	8.2
474	0	0	8.2
475	0	0	8.2
476	0	0	8.2
477	0	0	8.2
478	0	0	8.2
479	0	0	8.3
480	0	0	8.3
481	0	0	8.3
482	0	0	8.3
483	0	0	8.3
484	0	0	8.3
485	0	0	8.3
486	0	0	8.4
487	0	0	8.4
488	0	0	8.4
489	0	0	8.4
490	0	0	8.4
491	0	0	8.4
492	0	0	8.4
493	0	0	8.5
494	0	0	8.5
495	0	0	8.5
496	0	0	8.5
497	0	0	8.5
498	0	0	8.5
499	0	0	8.5
500	0	0	8.6
501	0	0	8.6
502	0	0	8.6
503	0	0	8.6
504	0	0	8.5
505	0	0	8.3
506	0	0	8.2
507	0	0	8.1
508	0	0	8.0
509	0	0	7.9
510	0	0	7.7
511	0	0	7.6
512	0	0	7.5
513	0	0	7.4
514	0	0	7.3
515	0	0	7.2
516	0	0	7.0
517	0	0	6.9
518	0	0	6.8
519	0	0	6.7
520	0	0	6.6
521	0	0	6.4
522	0	0	6.3
523	0	0	6.2
524	0	0	6.1
525	0	0	6.0
526	0	0	5.8
527	0	0	5.7
528	0	0	5.6
529	0	0	5.5
530	0	0	5.4
531	0	0	5.2
532	0	0	5.1
533	0	0	5.0
534	0	0	5.0
535	0	0	5.0
536	0	0	5.0
537	0	0	5.0
538	0	0	5.0
539	0	0	5.0
540	0	0	5.0
541	0	0	5.0
542	0	0	5.0
543	0	0	5.0
544	0	0	5.0
545	0	0	5.0
546	0	0	5.0
547	0	0	5.0
548	0	0	5.0
549	0	0	5.0
550	0	0	5.0
551	0	0	5.0
552	0	0	5.0
553	0	0	5.0
554	0	0	5.0
555	0	0	5.0
556	0	0	5.0
557	0	0	5.0
558	0	0	5.0
559	0	0	5.0
560	0	0	5.0
561	0	0	5.0
562	0	0	5.0
563	0	0	5.0
564	0	0	5.0
565	0	0	5.1
566	0	0	5.1
567	0	0	5.1
568	0	0	5.2
569	0	0	5.2
570	0	0	5.3
571	0	0	5.3
572	0	0	5.4
573	0	0	5.4
574	0	0	5.5
575	0	0	5.5
576	0	0	5.6
577	0	0	5.6
578	0	0	5.7
579	0	0	5.7
580	0	0	5.8
581	0	0	5.8
582	0	0	5.9
583	0	0	5.9
584	0	0	6.0
585	0	0	6.0
586	0	0	6.1
587	0	0	6.1
588	0	0	6.2
589	0	0	6.2
590	0	0	6.3
591	0	0	6.3
592	0	0	6.3
593	0	0	6.4
594	0	0	6.4
595	0	0	6.4
596	0	0	6.5
597	0	0	6.5
598	0	0	6.6
599	0	0	6.7
600	0	0	6.7
601	0	0	6.8
602	0	0	6.8
603	0	0	6.9
604	0	0	6.9
605	0	0	7.0
606	0	0	7.0
607	0	0	7.1
608	0	0	7.1
609	0	0	7.2
610	0	0	7.2
611	0	0	7.3
612	0	0	7.3
613	0	0	7.4
614	0	0	7.4
615	0	0	7.5
616	0	0	7.5
617	0	0	7.6
618	0	0	7.6
619	0	0	7.7
620	0	0	7.8
621	0	0	7.8
622	0	0	7.9
623	0	0	7.9
624	0	0	8.0
625	0	0	8.0
626	0	0	8.0
627	0	0	8.0
628	0	0	8.0
629	0	0	8.1
630	0	0	8.1
631	0	0	8.1
632	0	0	8.1
633	0	0	8.1
634	0	0	8.1
635	0	0	8.1
636	0	0	8.1
637	0	0	8.1
638	0	0	8.1
639	0	0	8.1
640	0	0	8.1
641	0	0	8.1
642	0	0	8.1
643	0	0	8.1
644	0	0	8.1
645	0	0	8.1
646	0	0	8.2
647	0	0	8.2
648	0	0	8.2
649	0	0	8.2
650	0	0	8.2
651	0	0	8.2
652	0	0	8.2
653	0	0	8.2
654	0	0	8.2
655	0	0	8.3
656	0	0	8.4
657	0	0	8.5
658	0	0	8.6
659	0	0	8.7
660	0	0	8.8
661	0	0	8.9
662	0	0	9.0
663	0	0	9.2
664	0	0	9.3
665	0	0	9.4
666	0	0	9.5
667	0	0	9.6
668	0	0	9.7
669	0	0	9.8
670	0	0	9.9
671	0	0	10.0
672	0	0	10.1
673	0	0	10.2
674	0	0	10.3
675	0	0	10.4
676	0	0	10.5
677	0	0	10.6
678	0	0	10.7
679	0	0	10.9
680	0	0	11.0
681	0	0	11.1
682	0	0	11.2
683	0	0	11.3
684	0	0	11.4
685	0	0	11.4
686	0	0	11.4
687	0	0	11.4
688	0	0	11.4
689	0	0	11.4
690	0	0	11.4
691	0	0	11.4
692	0	0	11.4
693	0	0	11.4
694	0	0	11.4
695	0	0	11.5
696	0	0	11.5
697	0	0	11.5
698	0	0	11.5
699	0	0	11.5
700	0	0	11.5
701	0	0	11.5
702	0	0	11.5
703	0	0	11.5
704	0	0	11.5
705	0	0	11.5
706	0	0	11.5
707	0	0	11.5
708	0	0	11.5
709	0	0	11.5
710	0	0	11.5
711	0	0	11.5
712	0	0	11.6
713	0	0	11.6
714	0	0	11.6
715	0	0	11.6
716	0	0	11.6
717	0	0	11.6
718	0	0	11.6
719	0	0	11.6
720	0	0	11.6
721	0	0	11.6
722	0	0	11.6
723	0	0	11.6
724	0	0	11.6
725	0	0	11.6
726	0	0	11.6
727	0	0	11.6
728	0	0	11.6
729	0	0	11.6
730	0	0	11.6
731	0	0	11.6
732	0	0	11.6
733	0	0	11.6
734	0	0	11.6
735	0	0	11.6
736	0	0	11.6
737	0	0	11.6
738	0	0	11.6
739	0	0	11.6
740	0	0	11.6
741	0	0	11.6
742	0	0	11.6
743	0	0	11.6
744	0	0	11.6
745	0	0	11.6
746	0	0	11.6
747	0	0	11.6
748	0	0	11.6
749	0	0	11.5
750	0	0	11.5
751	0	0	11.5
752	0	0	11.5
753	0	0	11.4
754	0	0	11.4
755	0	0	11.4
756	0	0	11.4
757	0	0	11.3
758	0	0	11.3
759	0	0	11.3
760	0	0	11.3
761	0	0	11.2
762	0	0	11.2
763	0	0	11.2
764	0	0	11.2
765	0	0	11.1
766	0	0	11.1
767	0	0	11.1
768	0	0	11.1
769	0	0	11.0
770	0	0	11.0
771	0	0	11.0
772	0	0	11.0
773	0	0	10.9
774	0	0	10.9
775	0	0	10.9
776	0	0	10.9
777	0	0	10.8
778	0	0	10.7
779	0	0	10.6
780	0	0	10.5
781	0	0	10.4
782	0	0	10.3
783	0	0	10.2
784	0	0	10.1
785	0	0	10.0
786	0	0	9.9
787	0	0	9.8
788	0	0	9.6
789	0	0	9.5
790	0	0	9.4
791	0	0	9.3
792	0	0	9.2
793	0	0	9.1
794	0	0	9.0
795	0	0	8.9
796	0	0	8.8
797	0	0	8.7
798	0	0	8.6
799	0	0	8.5
800	0	0	8.4
801	0	0	8.3
802	0	0	8.2
803	0	0	8.1
804	0	0	8.0
805	0	0	7.9
806	0	0	7.8
807	0	0	7.8
808	0	0	7.8
809	0	0	7.8
810	0	0	7.8
811	0	0	7.8
812	0	0	7.9
813	0	0	7.9
814	0	0	7.9
815	0	0	7.9
816	0	0	7.9
817	0	0	7.9
818	0	0	7.9
819	0	0	7.9
820	0	0	8.0
821	0	0	8.0
822	0	0	8.0
823	0	0	8.0
824	0	0	8.0
825	0	0	8.0
826	0	0	8.0
827	0	0	8.0
828	0	0	8.0
829	0	0	8.1
830	0	0	8.1
831	0	0	8.1
832	0	0	8.1
833	0	0	8.1
834	0	0	8.1
835	0	0	8.1
836	0	0	8.1
837	0	0	8.2
838	0	0	8.2
839	0	0	8.2
840	0	0	8.2
841	0	0	8.2
842	0	0	8.2
843	0	0	8.2
844	0	0	8.3
845	0	0	8.3
846	0	0	8.3
847	0	0	8.3
848	0	0	8.3
849	0	0	8.3
850	0	0	8.3
851	0	0	8.4
852	0	0	8.4
853	0	0	8.4
854	0	0	8.4
855	0	0	8.4
856	0	0	8.4
857	0	0	8.4
858	0	0	8.5
859	0	0	8.5
860	0	0	8.5
861	0	0	8.5
862	0	0	8.5
863	0	0	8.5
864	0	0	8.5
865	0	0	8.6
866	0	0	8.6
867	0	0	8.6
868	0	0	8.6
869	0	0	8.5
870	0	0	8.3
871	0	0	8.2
872	0	0	8.1
873	0	0	8.0
874	0	0	7.9
875	0	0	7.7
876	0	0	7.6
877	0	0	7.5
878	0	0	7.4
879	0	0	7.3
880	0	0	7.2
881	0	0	7.0
882	0	0	6.9
883	0	0	6.8
884	0	0	6.7
885	0	0	6.6
886	0	0	6.4
887	0	0	6.3
888	0	0	6.2
889	0	0	6.1
890	0	0	6.0
891	0	0	5.8
892	0	0	5.7
893	0	0	5.6
894	0	0	5.5
895	0	0	5.4
896	0	0	5.2
897	0	0	5.1
898	0	0	5.0
899	0	0	5.0
900	0	0	5.0
901	0	0	5.0
902	0	0	5.0
903	0	0	5.0
904	0	0	5.0
905	0	0	5.0
906	0	0	5.0
907	0	0	5.0
908	0	0	5.0
909	0	0	5.0
910	0	0	5.0
911	0	0	5.0
912	0	0	5.0
913	0	0	5.0
914	0	0	5.0
915	0	0	5.0
916	0	0	5.0
917	0	0	5.0
918	0	0	5.0
919	0	0	5.0
920	0	0	5.0
921	0	0	5.0
922	0	0	5.0
923	0	0	5.0
924	0	0	5.0
925	0	0	5.0
926	0	0	5.0
927	0	0	5.0
928	0	0	5.0
929	0	0	5.0
930	0	0	5.1
931	0	0	5.1
932	0	0	5.1
933	0	0	5.2
934	0	0	5.2
935	0	0	5.3
936	0	0	5.3
937	0	0	5.4
938	0	0	5.4
939	0	0	5.5
940	0	0	5.5
941	0	0	5.6
942	0	0	5.6
943	0	0	5.7
944	0	0	5.7
945	0	0	5.8
946	0	0	5.8
947	0	0	5.9
948	0	0	5.9
949	0	0	6.0
950	0	0	6.0
951	0	0	6.1
952	0	0	6.1
953	0	0	6.2
954	0	0	6.2
955	0	0	6.3
956	0	0	6.3
957	0	0	6.3
958	0	0	6.4
959	0	0	6.4
960	0	0	6.4
961	0	0	6.5
962	0	0	6.5
963	0	0	6.6
964	0	0	6.7
965	0	0	6.7
966	0	0	6.8
967	0	0	6.8
968	0	0	6.9
969	0	0	6.9
970	0	0	7.0
971	0	0	7.0
972	0	0	7.1
973	0	0	7.1
974	0	0	7.2
975	0	0	7.2
976	0	0	7.3
977	0	0	7.3
978	0	0	7.4
979	0	0	7.4
980	0	0	7.5
981	0	0	7.5
982	0	0	7.6
983	0	0	7.6
984	0	0	7.7
985	0	0	7.8
986	0	0	7.8
987	0	0	7.9
988	0	0	7.9
989	0	0	8.0
990	0	0	8.0
991	0	0	8.0
992	0	0	8.0
993	0	0	8.0
994	0	0	8.1
995	0	0	8.1
996	0	0	8.1
997	0	0	8.1
998	0	0	8.1
999	0	0	8.1
1000	0	0	8.1
1001	0	0	8.1
1002	0	0	8.1
1003	0	0	8.1
1004	0	0	8.1
1005	0	0	8.1
1006	0	0	8.1
1007	0	0	8.1
1008	0	0	8.1
1009	0	0	8.1
1010	0	0	8.1
1011	0	0	8.2
1012	0	0	8.2
1013	0	0	8.2
1014	0	0	8.2
1015	0	0	8.2
1016	0	0	8.2
1017	0	0	8.2
1018	0	0	8.2
1019	0	0	8.2
1020	0	0	8.3
1021	0	0	8.4
1022	0	0	8.5
1023	0	0	8.6
1024	0	0	8.7
1025	0	0	8.8
1026	0	0	8.9
1027	0	0	9.0
1028	0	0	9.2
1029	0	0	9.3
1030	0	0	9.4
1031	0	0	9.5
1032	0	0	9.6
1033	0	0	9.7
1034	0	0	9.8
1035	0	0	9.9
1036	0	0	10.0
1037	0	0	10.1
1038	0	0	10.2
1039	0	0	10.3
1040	0	0	10.4
1041	0	0	10.5
1042	0	0	10.6
1043	0	0	10.7
1044	0	0	10.9
1045	0	0	11.0
1046	0	0	11.1
1047	0	0	11.2
1048	0	0	11.3
1049	0	0	11.4
1050	0	0	11.4
1051	0	0	11.4
1052	0	0	11.4
1053	0	0	11.4
1054	0	0	11.4
1055	0	0	11.4
1056	0	0	11.4
1057	0	0	11.4
1058	0	0	11.4
1059	0	0	11.4
1060	0	0	11.5
1061	0	0	11.5
1062	0	0	11.5
1063	0	0	11.5
1064	0	0	11.5
1065	0	0	11.5
1066	0	0	11.5
1067	0	0	11.5
1068	0	0	11.5
1069	0	0	11.5
1070	0	0	11.5
1071	0	0	11.5
1072	0	0	11.5
1073	0	0	11.5
1074	0	0	11.5
1075	0	0	11.5
1076	0	0	11.5
1077	0	0	11.6
1078	0	0	11.6
1079	0	0	11.6
1080	0	0	11.6
1081	0	0	11.6
1082	0	0	11.6
1083	0	0	11.6
1084	0	0	11.6
1085	0	0	11.6
1086	0	0	11.6
1087	0	0	11.6
1088	0	0	11.6
1089	0	0	11.6
1090	0	0	11.6
1091	0	0	11.6
1092	0	0	11.6
1093	0	0	11.6
1094	0	0	11.6
1095	0	0	11.6
1096	0	0	11.6
1097	0	0	11.6
1098	0	0	11.6
1099	0	0	11.6
1100	0	0	11.6
1101	0	0	11.6
1102	0	0	11.6
1103	0	0	11.6
1104	0	0	11.6
1105	0	0	11.6
1106	0	0	11.6
1107	0	0	11.6
1108	0	0	11.6
1109	0	0	11.6
1110	0	0	11.6
1111	0	0	11.6
1112	0	0	11.6
1113	0	0	11.6
1114	0	0	11.5
1115	0	0	11.5
1116	0	0	11.5
1117	0	0	11.5
1118	0	0	11.4
1119	0	0	11.4
1120	0	0	11.4
1121	0	0	11.4
1122	0	0	11.3
1123	0	0	11.3
1124	0	0	11.3
1125	0	0	11.3
1126	0	0	11.2
1127	0	0	11.2
1128	0	0	11.2
1129	0	0	11.2
1130	0	0	11.1
1131	0	0	11.1
1132	0	0	11.1
1133	0	0	11.1
1134	0	0	11.0
1135	0	0	11.0
1136	0	0	11.0
1137	0	0	11.0
1138	0	0	10.9
1139	0	0	10.9
1140	0	0	10.9
1141	0	0	10.9
1142	0	0	10.8
1143	0	0	10.7
1144	0	0	10.6
1145	0	0	10.5
1146	0	0	10.4
1147	0	0	10.3
1148	0	0	10.2
1149	0	0	10.1
1150	0	0	10.0
1151	0	0	9.9
1152	0	0	9.8
1153	0	0	9.6
1154	0	0	9.5
1155	0	0	9.4
1156	0	0	9.3
1157	0	0	9.2
1158	0	0	9.1
1159	0	0	9.0
1160	0	0	8.9
1161	0	0	8.8
1162	0	0	8.7
1163	0	0	8.6
1164	0	0	8.5
1165	0	0	8.4
1166	0	0	8.3
1167	0	0	8.2
1168	0	0	8.1
1169	0	0	8.0
1170	0	0	7.9
1171	0	0	7.8
1172	0	0	7.8
1173	0	0	7.8
1174	0	0	7.8
1175	0	0	7.8
1176	0	0	7.8
1177	0	0	7.9
1178	0	0	7.9
1179	0	0	7.9
1180	0	0	7.9
1181	0	0	7.9
1182	0	0	7.9
1183	0	0	7.9
1184	0	0	7.9
1185	0	0	8.0
1186	0	0	8.0
1187	0	0	8.0
1188	0	0	8.0
1189	0	0	8.0
1190	0	0	8.0
1191	0	0	8.0
1192	0	0	8.0
1193	0	0	8.0
1194	0	0	8.1
1195	0	0	8.1
1196	0	0	8.1
1197	0	0	8.1
1198	0	0	8.1
1199	0	0	8.1
1200	0	0	8.1
1201	0	0	8.1
1202	0	0	8.2
1203	0	0	8.2
1204	0	0	8.2
1205	0	0	8.2
1206	0	0	8.2
1207	0	0	8.2
1208	0	0	8.2
1209	0	0	8.3
1210	0	0	8.3
1211	0	0	8.3
1212	0	0	8.3
1213	0	0	8.3
1214	0	0	8.3
1215	0	0	8.3
1216	0	0	8.4
1217	0	0	8.4
1218	0	0	8.4
1219	0	0	8.4
1220	0	0	8.4
1221	0	0	8.4
1222	0	0	8.4
1223	0	0	8.5
1224	0	0	8.5
1225	0	0	8.5
1226	0	0	8.5
1227	0	0	8.5
1228	0	0	8.5
1229	0	0	8.5
1230	0	0	8.6
1231	0	0	8.6
1232	0	0	8.6
1233	0	0	8.6
1234	0	0	8.5
1235	0	0	8.3
1236	0	0	8.2
1237	0	0	8.1
1238	0	0	8.0
1239	0	0	7.9
1240	0	0	7.7
1241	0	0	7.6
1242	0	0	7.5
1243	0	0	7.4
1244	0	0	7.3
1245	0	0	7.2
1246	0	0	7.0
1247	0	0	6.9
1248	0	0	6.8
1249	0	0	6.7
1250	0	0	6.6
1251	0	0	6.4
1252	0	0	6.3
1253	0	0	6.2
1254	0	0	6.1
1255	0	0	6.0
1256	0	0	5.8
1257	0	0	5.7
1258	0	0	5.6
1259	0	0	5.5
1260	0	0	5.4
1261	0	0	5.2
1262	0	0	5.1
1263	0	0	5.0
1264	0	0	5.0
1265	0	0	5.0
1266	0	0	5.0
1267	0	0	5.0
1268	0	0	5.0
1269	0	0	5.0
1270	0	0	5.0
1271	0	0	5.0
1272	0	0	5.0
1273	0	0	5.0
1274	0	0	5.0
1275	0	0	5.0
1276	0	0	5.0
1277	0	0	5.0
1278	0	0	5.0
1279	0	0	5.0
1280	0	0	5.0
1281	0	0	5.0
1282	0	0	5.0
1283	0	0	5.0
1284	0	0	5.0
1285	0	0	5.0
1286	0	0	5.0
1287	0	0	5.0
1288	0	0	5.0
1289	0	0	5.0
1290	0	0	5.0
1291	0	0	5.0
1292	0	0	5.0
1293	0	0	5.0
1294	0	0	5.0
1295	0	0	5.1
1296	0	0	5.1
1297	0	0	5.1
1298	0	0	5.2
1299	0	0	5.2
1300	0	0	5.3
1301	0	0	5.3
1302	0	0	5.4
1303	0	0	5.4
1304	0	0	5.5
1305	0	0	5.5
1306	0	0	5.6
1307	0	0	5.6
1308	0	0	5.7
1309	0	0	5.7
1310	0	0	5.8
1311	0	0	5.8
1312	0	0	5.9
1313	0	0	5.9
1314	0	0	6.0
1315	0	0	6.0
1316	0	0	6.1
1317	0	0	6.1
1318	0	0	6.2
1319	0	0	6.2
1320	0	0	6.3
1321	0	0	6.3
1322	0	0	6.3
1323	0	0	6.4
1324	0	0	6.4
1325	0	0	6.4
1326	0	0	6.5
1327	0	0	6.5
1328	0	0	6.6
1329	0	0	6.7
1330	0	0	6.7
1331	0	0	6.8
1332	0	0	6.8
1333	0	0	6.9
1334	0	0	6.9
1335	0	0	7.0
1336	0	0	7.0
1337	0	0	7.1
1338	0	0	7.1
1339	0	0	7.2
1340	0	0	7.2
1341	0	0	7.3
1342	0	0	7.3
1343	0	0	7.4
1344	0	0	7.4
1345	0	0	7.5
1346	0	0	7.5
1347	0	0	7.6
1348	0	0	7.6
1349	0	0	7.7
1350	0	0	7.8
1351	0	0	7.8
1352	0	0	7.9
1353	0	0	7.9
1354	0	0	8.0
1355	0	0	8.0
1356	0	0	8.0
1357	0	0	8.0
1358	0	0	8.0
1359	0	0	8.0
1360	0	0	8.1
1361	0	0	8.1
1362	0	0	8.1
1363	0	0	8.1
1364	0	0	8.1
1365	0	0	8.1
1366	0	0	8.1
1367	0	0	8.1
1368	0	0	8.1
1369	0	0	8.1
1370	0	0	8.1
1371	0	0	8.1
1372	0	0	8.1
1373	0	0	8.1
1374	0	0	8.1
1375	0	0	8.1
1376	0	0	8.1
1377	0	0	8.2
1378	0	0	8.2
1379	0	0	8.2
1380	0	0	8.2
1381	0	0	8.2
1382	0	0	8.2
1383	0	0	8.2
1384	0	0	8.2
1385	0	0	8.2
1386	0	0	8.3
1387	0	0	8.4
1388	0	0	8.5
1389	0	0	8.6
1390	0	0	8.7
1391	0	0	8.8
1392	0	0	8.9
1393	0	0	9.0
1394	0	0	9.2
1395	0	0	9.3
1396	0	0	9.4
1397	0	0	9.5
1398	0	0	9.6
1399	0	0	9.7
1400	0	0	9.8
1401	0	0	9.9
1402	0	0	10.0
1403	0	0	10.1
1404	0	0	10.2
1405	0	0	10.3
1406	0	0	10.4
1407	0	0	10.5
1408	0	0	10.6
1409	0	0	10.7
1410	0	0	10.9
1411	0	0	11.0
1412	0	0	11.1
1413	0	0	11.2
1414	0	0	11.3
1415	0	0	11.4
1416	0	0	11.4
1417	0	0	11.4
1418	0	0	11.4
1419	0	0	11.4
1420	0	0	11.4
1421	0	0	11.4
1422	0	0	11.4
1423	0	0	11.4
1424	0	0	11.4
1425	0	0	11.4
1426	0	0	11.5
1427	0	0	11.5
1428	0	0	11.5
1429	0	0	11.5
1430	0	0	11.5
1431	0	0	11.5
1432	0	0	11.5
1433	0	0	11.5
1434	0	0	11.5
1435	0	0	11.5
1436	0	0	11.5
1437	0	0	11.5
1438	0	0	11.5
1439	0	0	11.5
1440	0	0	11.5
1441	0	0	11.5
1442	0	0	11.5
1443	0	0	11.6
1444	0	0	11.6
1445	0	0	11.6
1446	0	0	11.6
1447	0	0	11.6
1448	0	0	11.6
1449	0	0	11.6
1450	0	0	11.6
1451	0	0	11.6
1452	0	0	11.6
1453	0	0	11.6
1454	0	0	11.6
1455	0	0	11.6
1456	0	0	11.6
1457	0	0	11.6
1458	0	0	11.6
1459	0	0	11.6
1460	0	0	11.6
1461	0	0	11.6
1462	0	0	11.6
1463	0	0	11.6
1464	0	0	11.6
1465	0	0	11.6
1466	0	0	11.6
1467	0	0	11.6
1468	0	0	11.6
1469	0	0	11.6
1470	0	0	11.6
1471	0	0	11.6
1472	0	0	11.6
1473	0	0	11.6
1474	0	0	11.6
1475	0	0	11.6
1476	0	0	11.6
1477	0	0	11.6
1478	0	0	11.6
1479	0	0	11.6
1480	0	0	11.5
1481	0	0	11.5
1482	0	0	11.5
1483	0	0	11.5
1484	0	0	11.4
1485	0	0	11.4
1486	0	0	11.4
1487	0	0	11.4
1488	0	0	11.3
1489	0	0	11.3
1490	0	0	11.3
1491	0	0	11.3
1492	0	0	11.2
1493	0	0	11.2
1494	0	0	11.2
1495	0	0	11.2
1496	0	0	11.1
1497	0	0	11.1
1498	0	0	11.1
1499	0	0	11.1
1500	0	0	11.0
1501	0	0	11.0
1502	0	0	11.0
1503	0	0	11.0
1504	0	0	10.9
1505	0	0	10.9
1506	0	0	10.9
1507	0	0	10.9
1508	0	0	10.8
1509	0	0	10.7
1510	0	0	10.6
1511	0	0	10.5
1512	0	0	10.4
1513	0	0	10.3
1514	0	0	10.2
1515	0	0	10.1
1516	0	0	10.0
1517	0	0	9.9
1518	0	0	9.8
1519	0	0	9.6
1520	0	0	9.5
1521	0	0	9.4
1522	0	0	9.3
1523	0	0	9.2
1524	0	0	9.1
1525	0	0	9.0
1526	0	0	8.9
1527	0	0	8.8
1528	0	0	8.7
1529	0	0	8.6
1530	0	0	8.5
1531	0	0	8.4
1532	0	0	8.3
1533	0	0	8.2
1534	0	0	8.1
1535	0	0	8.0
1536	0	0	7.9
1537	0	0	7.8
1538	0	0	7.8
1539	0	0	7.8
1540	0	0	7.8
1541	0	0	7.8
1542	0	0	7.8
1543	0	0	7.9
1544	0	0	7.9
1545	0	0	7.9
1546	0	0	7.9
1547	0	0	7.9
1548	0	0	7.9
1549	0	0	7.9
1550	0	0	7.9
1551	0	0	8.0
1552	0	0	8.0
1553	0	0	8.0
1554	0	0	8.0
1555	0	0	8.0
1556	0	0	8.0
1557	0	0	8.0
1558	0	0	8.0
1559	0	0	8.0
1560	0	0	8.1
1561	0	0	8.1
1562	0	0	8.1
1563	0	0	8.1
1564	0	0	8.1
1565	0	0	8.1
1566	0	0	8.1
1567	0	0	8.1
1568	0	0	8.2
1569	0	0	8.2
1570	0	0	8.2
1571	0	0	8.2
1572	0	0	8.2
1573	0	0	8.2
1574	0	0	8.2
1575	0	0	8.3
1576	0	0	8.3
1577	0	0	8.3
1578	0	0	8.3
1579	0	0	8.3
1580	0	0	8.3
1581	0	0	8.3
1582	0	0	8.4
1583	0	0	8.4
1584	0	0	8.4
1585	0	0	8.4
1586	0	0	8.4
1587	0	0	8.4
1588	0	0	8.4
1589	0	0	8.5
1590	0	0	8.5
1591	0	0	8.5
1592	0	0	8.5
1593	0	0	8.5
1594	0	0	8.5
1595	0	0	8.5
1596	0	0	8.6
1597	0	0	8.6
1598	0	0	8.6
1599	0	0	8.6
1600	0	0	8.5
1601	0	0	8.3
1602	0	0	8.2
1603	0	0	8.1
1604	0	0	8.0
1605	0	0	7.9
1606	0	0	7.7
1607	0	0	7.6
1608	0	0	7.5
1609	0	0	7.4
1610	0	0	7.3
1611	0	0	7.2
1612	0	0	7.0
1613	0	0	6.9
1614	0	0	6.8
1615	0	0	6.7
1616	0	0	6.6
1617	0	0	6.4
1618	0	0	6.3
1619	0	0	6.2
1620	0	0	6.1
1621	0	0	6.0
1622	0	0	5.8
1623	0	0	5.7
1624	0	0	5.6
1625	0	0	5.5
1626	0	0	5.4
1627	0	0	5.2
1628	0	0	5.1
1629	0	0	5.0
1630	0	0	5.0
1631	0	0	5.0
1632	0	0	5.0
1633	0	0	5.0
1634	0	0	5.0
1635	0	0	5.0
1636	0	0	5.0
1637	0	0	5.0
1638	0	0	5.0
1639	0	0	5.0
1640	0	0	5.0
1641	0	0	5.0
1642	0	0	5.0
1643	0	0	5.0
1644	0	0	5.0
1645	0	0	5.0
1646	0	0	5.0
1647	0	0	5.0
1648	0	0	5.0
1649	0	0	5.0
1650	0	0	5.0
1651	0	0	5.0
1652	0	0	5.0
1653	0	0	5.0
1654	0	0	5.0
1655	0	0	5.0
1656	0	0	5.0
1657	0	0	5.0
1658	0	0	5.0
1659	0	0	5.0
1660	0	0	5.0
1661	0	0	5.1
1662	0	0	5.1
1663	0	0	5.1
1664	0	0	5.2
1665	0	0	5.2
1666	0	0	5.3
1667	0	0	5.3
1668	0	0	5.4
1669	0	0	5.4
1670	0	0	5.5
1671	0	0	5.5
1672	0	0	5.6
1673	0	0	5.6
1674	0	0	5.7
1675	0	0	5.7
1676	0	0	5.8
1677	0	0	5.8
1678	0	0	5.9
1679	0	0	5.9
1680	0	0	6.0
1681	0	0	6.0
1682	0	0	6.1
1683	0	0	6.1
1684	0	0	6.2
1685	0	0	6.2
1686	0	0	6.3
1687	0	0	6.3
1688	0	0	6.3
1689	0	0	6.4
1690	0	0	6.4
1691	0	0	6.4
1692	0	0	6.5
1693	0	0	6.5
1694	0	0	6.6
1695	0	0	6.7
1696	0	0	6.7
1697	0	0	6.8
1698	0	0	6.8
1699	0	0	6.9
1700	0	0	6.9
1701	0	0	7.0
1702	0	0	7.0
1703	0	0	7.1
1704	0	0	7.1
1705	0	0	7.2
1706	0	0	7.2
1707	0	0	7.3
1708	0	0	7.3
1709	0	0	7.4
1710	0	0	7.4
1711	0	0	7.5
1712	0	0	7.5
1713	0	0	7.6
1714	0	0	7.6
1715	0	0	7.7
1716	0	0	7.8
1717	0	0	7.8
1718	0	0	7.9
1719	0	0	7.9
1720	0	0	8.0
1721	0	0	8.0
1722	0	0	8.0
1723	0	0	8.0
1724	0	0	8.0
1725	0	0	8.1
1726	0	0	8.1
1727	0	0	8.1
1728	0	0	8.1
1729	0	0	8.1
1730	0	0	8.1
1731	0	0	8.1
1732	0	0	8.1
1733	0	0	8.1
1734	0	0	8.1
1735	0	0	8.1
1736	0	0	8.1
1737	0	0	8.1
1738	0	0	8.1
1739	0	0	8.1
1740	0	0	8.1
1741	0	0	8.1
1742	0	0	8.2
1743	0	0	8.2
1744	0	0	8.2
1745	0	0	8.2
1746	0	0	8.2
1747	0	0	8.2
1748	0	0	8.2
1749	0	0	8.2
1750	0	0	8.2
1751	0	0	8.3
1752	0	0	8.4
1753	0	0	8.5
1754	0	0	8.6
1755	0	0	8.7
1756	0	0	8.8
1757	0	0	8.9
1758	0	0	9.0
1759	0	0	9.2
1760	0	0	9.3
1761	0	0	9.4
1762	0	0	9.5
1763	0	0	9.6
1764	0	0	9.7
1765	0	0	9.8
1766	0	0	9.9
1767	0	0	10.0
1768	0	0	10.1
1769	0	0	10.2
1770	0	0	10.3
1771	0	0	10.4
1772	0	0	10.5
1773	0	0	10.6
1774	0	0	10.7
1775	0	0	10.9
1776	0	0	11.0
1777	0	0	11.1
1778	0	0	11.2
1779	0	0	11.3
1780	0	0	11.4
1781	0	0	11.4
1782	0	0	11.4
1783	0	0	11.4
1784	0	0	11.4
1785	0	0	11.4
1786	0	0	11.4
1787	0	0	11.4
1788	0	0	11.4
1789	0	0	11.4
1790	0	0	11.4
1791	0	0	11.5
1792	0	0	11.5
1793	0	0	11.5
1794	0	0	11.5
1795	0	0	11.5
1796	0	0	11.5
1797	0	0	11.5
1798	0	0	11.5
1799	0	0	11.5
1800	0	0	11.5
1801	0	0	11.5
1802	0	0	11.5
1803	0	0	11.5
1804	0	0	11.5
1805	0	0	11.5
1806	0	0	11.5
1807	0	0	11.5
1808	0	0	11.6
1809	0	0	11.6
1810	0	0	11.6
1811	0	0	11.6
1812	0	0	11.6
1813	0	0	11.6
1814	0	0	11.6
1815	0	0	11.6
1816	0	0	11.6
1817	0	0	11.6
1818	0	0	11.6
1819	0	0	11.6
1820	0	0	11.6
1821	0	0	11.6
1822	0	0	11.6
1823	0	0	11.6
1824	0	0	11.6
1825	0	0	11.6
1826	0	0	11.6
1827	0	0	11.6
1828	0	0	11.6
1829	0	0	11.6
1830	0	0	11.6
1831	0	0	11.6
1832	0	0	11.6
1833	0	0	11.6
1834	0	0	11.6
1835	0	0	11.6
1836	0	0	11.6
1837	0	0	11.6
1838	0	0	11.6
1839	0	0	11.6
1840	0	0	11.6
1841	0	0	11.6
1842	0	0	11.6
1843	0	0	11.6
1844	0	0	11.6
1845	0	0	11.5
1846	0	0	11.5
1847	0	0	11.5
1848	0	0	11.5
1849	0	0	11.4
1850	0	0	11.4
1851	0	0	11.4
1852	0	0	11.4
1853	0	0	11.3
1854	0	0	11.3
1855	0	0	11.3
1856	0	0	11.3
1857	0	0	11.2
1858	0	0	11.2
1859	0	0	11.2
1860	0	0	11.2
1861	0	0	11.1
1862	0	0	11.1
1863	0	0	11.1
1864	0	0	11.1
1865	0	0	11.0
1866	0	0	11.0
1867	0	0	11.0
1868	0	0	11.0
1869	0	0	10.9
1870	0	0	10.9
1871	0	0	10.9
1872	0	0	10.9
1873	0	0	10.8
1874	0	0	10.7
1875	0	0	10.6
1876	0	0	10.5
1877	0	0	10.4
1878	0	0	10.3
1879	0	0	10.2
1880	0	0	10.1
1881	0	0	10.0
1882	0	0	9.9
1883	0	0	9.8
1884	0	0	9.6
1885	0	0	9.5
1886	0	0	9.4
1887	0	0	9.3
1888	0	0	9.2
1889	0	0	9.1
1890	0	0	9.0
1891	0	0	8.9
1892	0	0	8.8
1893	0	0	8.7
1894	0	0	8.6
1895	0	0	8.5
1896	0	0	8.4
1897	0	0	8.3
1898	0	0	8.2
1899	0	0	8.1
1900	0	0	8.0
1901	0	0	7.9
1902	0	0	7.8
1903	0	0	7.8
1904	0	0	7.8
1905	0	0	7.8
1906	0	0	7.8
1907	0	0	7.8
1908	0	0	7.9
1909	0	0	7.9
1910	0	0	7.9
1911	0	0	7.9
1912	0	0	7.9
1913	0	0	7.9
1914	0	0	7.9
1915	0	0	7.9
1916	0	0	8.0
1917	0	0	8.0
1918	0	0	8.0
1919	0	0	8.0
1920	0	0	8.0
1921	0	0	8.0
1922	0	0	8.0
1923	0	0	8.0
1924	0	0	8.0
1925	0	0	8.1
1926	0	0	8.1
1927	0	0	8.1
1928	0	0	8.1
1929	0	0	8.1
1930	0	0	8.1
1931	0	0	8.1
1932	0	0	8.1
1933	0	0	8.2
1934	0	0	8.2
1935	0	0	8.2
1936	0	0	8.2
1937	0	0	8.2
1938	0	0	8.2
1939	0	0	8.2
1940	0	0	8.3
1941	0	0	8.3
1942	0	0	8.3
1943	0	0	8.3
1944	0	0	8.3
1945	0	0	8.3
1946	0	0	8.3
1947	0	0	8.4
1948	0	0	8.4
1949	0	0	8.4
1950	0	0	8.4
1951	0	0	8.4
1952	0	0	8.4
1953	0	0	8.4
1954	0	0	8.5
1955	0	0	8.5
1956	0	0	8.5
1957	0	0	8.5
1958	0	0	8.5
1959	0	0	8.5
1960	0	0	8.5
1961	0	0	8.6
1962	0	0	8.6
1963	0	0	8.6
1964	0	0	8.6
1965	0	0	8.5
1966	0	0	8.3
1967	0	0	8.2
1968	0	0	8.1
1969	0	0	8.0
1970	0	0	7.9
1971	0	0	7.7
1972	0	0	7.6
1973	0	0	7.5
1974	0	0	7.4
1975	0	0	7.3
1976	0	0	7.2
1977	0	0	7.0
1978	0	0	6.9
1979	0	0	6.8
1980	0	0	6.7
1981	0	0	6.6
1982	0	0	6.4
1983	0	0	6.3
1984	0	0	6.2
1985	0	0	6.1
1986	0	0	6.0
1987	0	0	5.8
1988	0	0	5.7
1989	0	0	5.6
1990	0	0	5.5
1991	0	0	5.4
1992	0	0	5.2
1993	0	0	5.1
1994	0	0	5.0
1995	0	0	5.0
1996	0	0	5.0
1997	0	0	5.0
1998	0	0	5.0
1999	0	0	5.0
2000	0	0	5.0
2001	0	0	5.0
2002	0	0	5.0
2003	0	0	5.0
2004	0	0	5.0
2005	0	0	5.0
2006	0	0	5.0
2007	0	0	5.0
2008	0	0	5.0
2009	0	0	5.0
2010	0	0	5.0
2011	0	0	5.0
2012	0	0	5.0
2013	0	0	5.0
2014	0	0	5.0
2015	0	0	5.0
2016	0	0	5.0
2017	0	0	5.0
2018	0	0	5.0
2019	0	0	5.0
2020	0	0	5.0
2021	0	0	5.0
2022	0	0	5.0
2023	0	0	5.0
2024	0	0	5.0
2025	0	0	5.0
2026	0	0	5.1
2027	0	0	5.1
2028	0	0	5.1
2029	0	0	5.2
2030	0	0	5.2
2031	0	0	5.3
2032	0	0	5.3
2033	0	0	5.4
2034	0	0	5.4
2035	0	0	5.5
2036	0	0	5.5
2037	0	0	5.6
2038	0	0	5.6
2039	0	0	5.7
2040	0	0	5.7
2041	0	0	5.8
2042	0	0	5.8
2043	0	0	5.9
2044	0	0	5.9
2045	0	0	6.0
2046	0	0	6.0
2047	0	0	6.1
2048	0	0	6.1
2049	0	0	6.2
2050	0	0	6.2
2051	0	0	6.3
2052	0	0	6.3
2053	0	0	6.3
2054	0	0	6.4
2055	0	0	6.4
2056	0	0	6.4
2057	0	0	6.5
2058	0	0	6.5
2059	0	0	6.6
2060	0	0	6.7
2061	0	0	6.7
2062	0	0	6.8
2063	0	0	6.8
2064	0	0	6.9
2065	0	0	6.9
2066	0	0	7.0
2067	0	0	7.0
2068	0	0	7.1
2069	0	0	7.1
2070	0	0	7.2
2071	0	0	7.2
2072	0	0	7.3
2073	0	0	7.3
2074	0	0	7.4
2075	0	0	7.4
2076	0	0	7.5
2077	0	0	7.5
2078	0	0	7.6
2079	0	0	7.6
2080	0	0	7.7
2081	0	0	7.8
2082	0	0	7.8
2083	0	0	7.9
2084	0	0	7.9
2085	0	0	8.0
2086	0	0	8.0
2087	0	0	8.0
2088	0	0	8.0
2089	0	0	8.0
2090	0	0	8.1
2091	0	0	8.1
2092	0	0	8.1
2093	0	0	8.1
2094	0	0	8.1
2095	0	0	8.1
2096	0	0	8.1
2097	0	0	8.1
2098	0	0	8.1
2099	0	0	8.1
2100	0	0	8.1
2101	0	0	8.1
2102	0	0	8.1
2103	0	0	8.1
2104	0	0	8.1
2105	0	0	8.1
2106	0	0	8.1
2107	0	0	8.2
2108	0	0	8.2
2109	0	0	8.2
2110	0	0	8.2
2111	0	0	8.2
2112	0	0	8.2
2113	0	0	8.2
2114	0	0	8.2
2115	0	0	8.2
2116	0	0	8.3
2117	0	0	8.4
2118	0	0	8.5
2119	0	0	8.6
2120	0	0	8.7
2121	0	0	8.8
2122	0	0	8.9
2123	0	0	9.0
2124	0	0	9.2
2125	0	0	9.3
2126	0	0	9.4
2127	0	0	9.5
2128	0	0	9.6
2129	0	0	9.7
2130	0	0	9.8
2131	0	0	9.9
2132	0	0	10.0
2133	0	0	10.1
2134	0	0	10.2
2135	0	0	10.3
2136	0	0	10.4
2137	0	0	10.5
2138	0	0	10.6
2139	0	0	10.7
2140	0	0	10.9
2141	0	0	11.0
2142	0	0	11.1
2143	0	0	11.2
2144	0	0	11.3
2145	0	0	11.4
2146	0	0	11.4
2147	0	0	11.4
2148	0	0	11.4
2149	0	0	11.4
2150	0	0	11.4
2151	0	0	11.4
2152	0	0	11.4
2153	0	0	11.4
2154	0	0	11.4
2155	0	0	11.4
2156	0	0	11.5
2157	0	0	11.5
2158	0	0	11.5
2159	0	0	11.5
2160	0	0	11.5
2161	0	0	11.5
2162	0	0	11.5
2163	0	0	11.5
2164	0	0	11.5
2165	0	0	11.5
2166	0	0	11.5
2167	0	0	11.5
2168	0	0	11.5
2169	0	0	11.5
2170	0	0	11.5
2171	0	0	11.5
2172	0	0	11.5
2173	0	0	11.6
2174	0	0	11.6
2175	0	0	11.6
2176	0	0	11.6
2177	0	0	11.6
2178	0	0	11.6
2179	0	0	11.6
2180	0	0	11.6
2181	0	0	11.6
2182	0	0	11.6
2183	0	0	11.6
2184	0	0	11.6
2185	0	0	11.6
2186	0	0	11.6
2187	0	0	11.6
2188	0	0	11.6
2189	0	0	11.6
2190	0	0	11.6
2191	0	0	11.6
2192	0	0	11.6
2193	0	0	11.6
2194	0	0	11.6
2195	0	0	11.6
2196	0	0	11.6
2197	0	0	11.6
2198	0	0	11.6
2199	0	0	11.6
2200	0	0	11.6
2201	0	0	11.6
2202	0	0	11.6
2203	0	0	11.6
2204	0	0	11.6
2205	0	0	11.6
2206	0	0	11.6
2207	0	0	11.6
2208	0	0	11.6
2209	0	0	11.6
2210	0	0	11.5
2211	0	0	11.5
2212	0	0	11.5
2213	0	0	11.5
2214	0	0	11.4
2215	0	0	11.4
2216	0	0	11.4
2217	0	0	11.4
2218	0	0	11.3
2219	0	0	11.3
2220	0	0	11.3
2221	0	0	11.3
2222	0	0	11.2
2223	0	0	11.2
2224	0	0	11.2
2225	0	0	11.2
2226	0	0	11.1
2227	0	0	11.1
2228	0	0	11.1
2229	0	0	11.1
2230	0	0	11.0
2231	0	0	11.0
2232	0	0	11.0
2233	0	0	11.0
2234	0	0	10.9
2235	0	0	10.9
2236	0	0	10.9
2237	0	0	10.9
2238	0	0	10.8
2239	0	0	10.7
2240	0	0	10.6
2241	0	0	10.5
2242	0	0	10.4
2243	0	0	10.3
2244	0	0	10.2
2245	0	0	10.1
2246	0	0	10.0
2247	0	0	9.9
2248	0	0	9.8
2249	0	0	9.6
2250	0	0	9.5
2251	0	0	9.4
2252	0	0	9.3
2253	0	0	9.2
2254	0	0	9.1
2255	0	0	9.0
2256	0	0	8.9
2257	0	0	8.8
2258	0	0	8.7
2259	0	0	8.6
2260	0	0	8.5
2261	0	0	8.4
2262	0	0	8.3
2263	0	0	8.2
2264	0	0	8.1
2265	0	0	8.0
2266	0	0	7.9
2267	0	0	7.8
2268	0	0	7.8
2269	0	0	7.8
2270	0	0	7.8
2271	0	0	7.8
2272	0	0	7.8
2273	0	0	7.9
2274	0	0	7.9
2275	0	0	7.9
2276	0	0	7.9
2277	0	0	7.9
2278	0	0	7.9
2279	0	0	7.9
2280	0	0	7.9
2281	0	0	8.0
2282	0	0	8.0
2283	0	0	8.0
2284	0	0	8.0
2285	0	0	8.0
2286	0	0	8.0
2287	0	0	8.0
2288	0	0	8.0
2289	0	0	8.0
2290	0	0	8.1
2291	0	0	8.1
2292	0	0	8.1
2293	0	0	8.1
2294	0	0	8.1
2295	0	0	8.1
2296	0	0	8.1
2297	0	0	8.1
2298	0	0	8.2
2299	0	0	8.2
2300	0	0	8.2
2301	0	0	8.2
2302	0	0	8.2
2303	0	0	8.2
2304	0	0	8.2
2305	0	0	8.3
2306	0	0	8.3
2307	0	0	8.3
2308	0	0	8.3
2309	0	0	8.3
2310	0	0	8.3
2311	0	0	8.3
2312	0	0	8.4
2313	0	0	8.4
2314	0	0	8.4
2315	0	0	8.4
2316	0	0	8.4
2317	0	0	8.4
2318	0	0	8.4
2319	0	0	8.5
2320	0	0	8.5
2321	0	0	8.5
2322	0	0	8.5
2323	0	0	8.5
2324	0	0	8.5
2325	0	0	8.5
2326	0	0	8.6
2327	0	0	8.6
2328	0	0	8.6
2329	0	0	8.6
2330	0	0	8.5
2331	0	0	8.3
2332	0	0	8.2
2333	0	0	8.1
2334	0	0	8.0
2335	0	0	7.9
2336	0	0	7.7
2337	0	0	7.6
2338	0	0	7.5
2339	0	0	7.4
2340	0	0	7.3
2341	0	0	7.2
2342	0	0	7.0
2343	0	0	6.9
2344	0	0	6.8
2345	0	0	6.7
2346	0	0	6.6
2347	0	0	6.4
2348	0	0	6.3
2349	0	0	6.2
2350	0	0	6.1
2351	0	0	6.0
2352	0	0	5.8
2353	0	0	5.7
2354	0	0	5.6
2355	0	0	5.5
2356	0	0	5.4
2357	0	0	5.2
2358	0	0	5.1
2359	0	0	5.0
2360	0	0	5.0
2361	0	0	5.0
2362	0	0	5.0
2363	0	0	5.0
2364	0	0	5.0
2365	0	0	5.0
2366	0	0	5.0
2367	0	0	5.0
2368	0	0	5.0
2369	0	0	5.0
2370	0	0	5.0
2371	0	0	5.0
2372	0	0	5.0
2373	0	0	5.0
2374	0	0	5.0
2375	0	0	5.0
2376	0	0	5.0
2377	0	0	5.0
2378	0	0	5.0
2379	0	0	5.0
2380	0	0	5.0
2381	0	0	5.0
2382	0	0	5.0
2383	0	0	5.0
2384	0	0	5.0
2385	0	0	5.0
2386	0	0	5.0
2387	0	0	5.0
2388	0	0	5.0
2389	0	0	5.0
2390	0	0	5.0
2391	0	0	5.1
2392	0	0	5.1
2393	0	0	5.1
2394	0	0	5.2
2395	0	0	5.2
2396	0	0	5.3
2397	0	0	5.3
2398	0	0	5.4
2399	0	0	5.4
2400	0	0	5.5
2401	0	0	5.5
2402	0	0	5.6
2403	0	0	5.6
2404	0	0	5.7
2405	0	0	5.7
2406	0	0	5.8
2407	0	0	5.8
2408	0	0	5.9
2409	0	0	5.9
2410	0	0	6.0
2411	0	0	6.0
2412	0	0	6.1
2413	0	0	6.1
2414	0	0	6.2
2415	0	0	6.2
2416	0	0	6.3
2417	0	0	6.3
2418	0	0	6.3
2419	0	0	6.4
2420	0	0	6.4
2421	0	0	6.4
2422	0	0	6.5
2423	0	0	6.5
2424	0	0	6.6
2425	0	0	6.7
2426	0	0	6.7
2427	0	0	6.8
2428	0	0	6.8
2429	0	0	6.9
2430	0	0	6.9
2431	0	0	7.0
2432	0	0	7.0
2433	0	0	7.1
2434	0	0	7.1
2435	0	0	7.2
2436	0	0	7.2
2437	0	0	7.3
2438	0	0	7.3
2439	0	0	7.4
2440	0	0	7.4
2441	0	0	7.5
2442	0	0	7.5
2443	0	0	7.6
2444	0	0	7.6
2445	0	0	7.7
2446	0	0	7.8
2447	0	0	7.8
2448	0	0	7.9
2449	0	0	7.9
2450	0	0	8.0
2451	0	0	8.0
2452	0	0	8.0
2453	0	0	8.0
2454	0	0	8.0
2455	0	0	8.1
2456	0	0	8.1
2457	0	0	8.1
2458	0	0	8.1
2459	0	0	8.1
2460	0	0	8.1
2461	0	0	8.1
2462	0	0	8.1
2463	0	0	8.1
2464	0	0	8.1
2465	0	0	8.1
2466	0	0	8.1
2467	0	0	8.1
2468	0	0	8.1
2469	0	0	8.1
2470	0	0	8.1
2471	0	0	8.1
2472	0	0	8.2
2473	0	0	8.2
2474	0	0	8.2
2475	0	0	8.2
2476	0	0	8.2
2477	0	0	8.2
2478	0	0	8.2
2479	0	0	8.2
2480	0	0	8.2
2481	0	0	8.3
2482	0	0	8.4
2483	0	0	8.5
2484	0	0	8.6
2485	0	0	8.7
2486	0	0	8.8
2487	0	0	8.9
2488	0	0	9.0
2489	0	0	9.2
2490	0	0	9.3
2491	0	0	9.4
2492	0	0	9.5
2493	0	0	9.6
2494	0	0	9.7
2495	0	0	9.8
2496	0	0	9.9
2497	0	0	10.0
2498	0	0	10.1
2499	0	0	10.2
2500	0	0	10.3
2501	0	0	10.4
2502	0	0	10.5
2503	0	0	10.6
2504	0	0	10.7
2505	0	0	10.9
2506	0	0	11.0
2507	0	0	11.1
2508	0	0	11.2
2509	0	0	11.3
2510	0	0	11.4
2511	0	0	11.4
2512	0	0	11.4
2513	0	0	11.4
2514	0	0	11.4
2515	0	0	11.4
2516	0	0	11.4
2517	0	0	11.4
2518	0	0	11.4
2519	0	0	11.4
2520	0	0	11.4
2521	0	0	11.5
2522	0	0	11.5
2523	0	0	11.5
2524	0	0	11.5
2525	0	0	11.5
2526	0	0	11.5
2527	0	0	11.5
2528	0	0	11.5
2529	0	0	11.5
2530	0	0	11.5
2531	0	0	11.5
2532	0	0	11.5
2533	0	0	11.5
2534	0	0	11.5
2535	0	0	11.5
2536	0	0	11.5
2537	0	0	11.5
2538	0	0	11.6
2539	0	0	11.6
2540	0	0	11.6
2541	0	0	11.6
2542	0	0	11.6
2543	0	0	11.6
2544	0	0	11.6
2545	0	0	11.6
2546	0	0	11.6
2547	0	0	11.6
2548	0	0	11.6
2549	0	0	11.6
2550	0	0	11.6
2551	0	0	11.6
2552	0	0	11.6
2553	0	0	11.6
2554	0	0	11.6
2555	0	0	11.6
2556	0	0	11.6
2557	0	0	11.6
2558	0	0	11.6
2559	0	0	11.6
2560	0	0	11.6
2561	0	0	11.6
2562	0	0	11.6
2563	0	0	11.6
2564	0	0	11.6
2565	0	0	11.6
2566	0	0	11.6
2567	0	0	11.6
2568	0	0	11.6
2569	0	0	11.6
2570	0	0	11.6
2571	0	0	11.6
2572	0	0	11.6
2573	0	0	11.6
2574	0	0	11.6
2575	0	0	11.5
2576	0	0	11.5
2577	0	0	11.5
2578	0	0	11.5
2579	0	0	11.4
2580	0	0	11.4
2581	0	0	11.4
2582	0	0	11.4
2583	0	0	11.3
2584	0	0	11.3
2585	0	0	11.3
2586	0	0	11.3
2587	0	0	11.2
2588	0	0	11.2
2589	0	0	11.2
2590	0	0	11.2
2591	0	0	11.1
2592	0	0	11.1
2593	0	0	11.1
2594	0	0	11.1
2595	0	0	11.0
2596	0	0	11.0
2597	0	0	11.0
2598	0	0	11.0
2599	0	0	10.9
2600	0	0	10.9
2601	0	0	10.9
2602	0	0	10.9
2603	0	0	10.8
2604	0	0	10.7
2605	0	0	10.6
2606	0	0	10.5
2607	0	0	10.4
2608	0	0	10.3
2609	0	0	10.2
2610	0	0	10.1
2611	0	0	10.0
2612	0	0	9.9
2613	0	0	9.8
2614	0	0	9.6
2615	0	0	9.5
2616	0	0	9.4
2617	0	0	9.3
2618	0	0	9.2
2619	0	0	9.1
2620	0	0	9.0
2621	0	0	8.9
2622	0	0	8.8
2623	0	0	8.7
2624	0	0	8.6
2625	0	0	8.5
2626	0	0	8.4
2627	0	0	8.3
2628	0	0	8.2
2629	0	0	8.1
2630	0	0	8.0
2631	0	0	7.9
2632	0	0	7.8
2633	0	0	7.8
2634	0	0	7.8
2635	0	0	7.8
2636	0	0	7.8
2637	0	0	7.8
2638	0	0	7.9
2639	0	0	7.9
2640	0	0	7.9
2641	0	0	7.9
2642	0	0	7.9
2643	0	0	7.9
2644	0	0	7.9
2645	0	0	7.9
2646	0	0	8.0
2647	0	0	8.0
2648	0	0	8.0
2649	0	0	8.0
2650	0	0	8.0
2651	0	0	8.0
2652	0	0	8.0
2653	0	0	8.0
2654	0	0	8.0
2655	0	0	8.1
2656	0	0	8.1
2657	0	0	8.1
2658	0	0	8.1
2659	0	0	8.1
2660	0	0	8.1
2661	0	0	8.1
2662	0	0	8.1
2663	0	0	8.2
2664	0	0	8.2
2665	0	0	8.2
2666	0	0	8.2
2667	0	0	8.2
2668	0	0	8.2
2669	0	0	8.2
2670	0	0	8.3
2671	0	0	8.3
2672	0	0	8.3
2673	0	0	8.3
2674	0	0	8.3
2675	0	0	8.3
2676	0	0	8.3
2677	0	0	8.4
2678	0	0	8.4
2679	0	0	8.4
2680	0	0	8.4
2681	0	0	8.4
2682	0	0	8.4
2683	0	0	8.4
2684	0	0	8.5
2685	0	0	8.5
2686	0	0	8.5
2687	0	0	8.5
2688	0	0	8.5
2689	0	0	8.5
2690	0	0	8.5
2691	0	0	8.6
2692	0	0	8.6
2693	0	0	8.6
2694	0	0	8.6
2695	0	0	8.5
2696	0	0	8.3
2697	0	0	8.2
2698	0	0	8.1
2699	0	0	8.0
2700	0	0	7.9
2701	0	0	7.7
2702	0	0	7.6
2703	0	0	7.5
2704	0	0	7.4
2705	0	0	7.3
2706	0	0	7.2
2707	0	0	7.0
2708	0	0	6.9
2709	0	0	6.8
2710	0	0	6.7
2711	0	0	6.6
2712	0	0	6.4
2713	0	0	6.3
2714	0	0	6.2
2715	0	0	6.1
2716	0	0	6.0
2717	0	0	5.8
2718	0	0	5.7
2719	0	0	5.6
2720	0	0	5.5
2721	0	0	5.4
2722	0	0	5.2
2723	0	0	5.1
2724	0	0	5.0
2725	0	0	5.0
2726	0	0	5.0
2727	0	0	5.0
2728	0	0	5.0
2729	0	0	5.0
2730	0	0	5.0
2731	0	0	5.0
2732	0	0	5.0
2733	0	0	5.0
2734	0	0	5.0
2735	0	0	5.0
2736	0	0	5.0
2737	0	0	5.0
2738	0	0	5.0
2739	0	0	5.0
2740	0	0	5.0
2741	0	0	5.0
2742	0	0	5.0
2743	0	0	5.0
2744	0	0	5.0
2745	0	0	5.0
2746	0	0	5.0
2747	0	0	5.0
2748	0	0	5.0
2749	0	0	5.0
2750	0	0	5.0
2751	0	0	5.0
2752	0	0	5.0
2753	0	0	5.0
2754	0	0	5.0
2755	0	0	5.0
2756	0	0	5.1
2757	0	0	5.1
2758	0	0	5.1
2759	0	0	5.2
2760	0	0	5.2
2761	0	0	5.3
2762	0	0	5.3
2763	0	0	5.4
2764	0	0	5.4
2765	0	0	5.5
2766	0	0	5.5
2767	0	0	5.6
2768	0	0	5.6
2769	0	0	5.7
2770	0	0	5.7
2771	0	0	5.8
2772	0	0	5.8
2773	0	0	5.9
2774	0	0	5.9
2775	0	0	6.0
2776	0	0	6.0
2777	0	0	6.1
2778	0	0	6.1
2779	0	0	6.2
2780	0	0	6.2
2781	0	0	6.3
2782	0	0	6.3
2783	0	0	6.3
2784	0	0	6.4
2785	0	0	6.4
2786	0	0	6.4
2787	0	0	6.5
2788	0	0	6.5
2789	0	0	6.6
2790	0	0	6.7
2791	0	0	6.7
2792	0	0	6.8
2793	0	0	6.8
2794	0	0	6.9
2795	0	0	6.9
2796	0	0	7.0
2797	0	0	7.0
2798	0	0	7.1
2799	0	0	7.1
2800	0	0	7.2
2801	0	0	7.2
2802	0	0	7.3
2803	0	0	7.3
2804	0	0	7.4
2805	0	0	7.4
2806	0	0	7.5
2807	0	0	7.5
2808	0	0	7.6
2809	0	0	7.6
2810	0	0	7.7
2811	0	0	7.8
2812	0	0	7.8
2813	0	0	7.9
2814	0	0	7.9
2815	0	0	8.0
2816	0	0	8.0
2817	0	0	8.0
2818	0	0	8.0
2819	0	0	8.0
2820	0	0	8.0
2821	0	0	8.1
2822	0	0	8.1
2823	0	0	8.1
2824	0	0	8.1
2825	0	0	8.1
2826	0	0	8.1
2827	0	0	8.1
2828	0	0	8.1
2829	0	0	8.1
2830	0	0	8.1
2831	0	0	8.1
2832	0	0	8.1
2833	0	0	8.1
2834	0	0	8.1
2835	0	0	8.1
2836	0	0	8.1
2837	0	0	8.1
2838	0	0	8.2
2839	0	0	8.2
2840	0	0	8.2
2841	0	0	8.2
2842	0	0	8.2
2843	0	0	8.2
2844	0	0	8.2
2845	0	0	8.2
2846	0	0	8.2
2847	0	0	8.3
2848	0	0	8.4
2849	0	0	8.5
2850	0	0	8.6
2851	0	0	8.7
2852	0	0	8.8
2853	0	0	8.9
2854	0	0	9.0
2855	0	0	9.2
2856	0	0	9.3
2857	0	0	9.4
2858	0	0	9.5
2859	0	0	9.6
2860	0	0	9.7
2861	0	0	9.8
2862	0	0	9.9
2863	0	0	10.0
2864	0	0	10.1
2865	0	0	10.2
2866	0	0	10.3
2867	0	0	10.4
2868	0	0	10.5
2869	0	0	10.6
2870	0	0	10.7
2871	0	0	10.9
2872	0	0	11.0
2873	0	0	11.1
2874	0	0	11.2
2875	0	0	11.3
2876	0	0	11.4
2877	0	0	11.4
2878	0	0	11.4
2879	0	0	11.4
2880	0	0	11.4
2881	0	0	11.4
2882	0	0	11.4
2883	0	0	11.4
2884	0	0	11.4
2885	0	0	11.4
2886	0	0	11.4
2887	0	0	11.5
2888	0	0	11.5
2889	0	0	11.5
2890	0	0	11.5
2891	0	0	11.5
2892	0	0	11.5
2893	0	0	11.5
2894	0	0	11.5
2895	0	0	11.5
2896	0	0	11.5
2897	0	0	11.5
2898	0	0	11.5
2899	0	0	11.5
2900	0	0	11.5
2901	0	0	11.5
2902	0	0	11.5
2903	0	0	11.5
2904	0	0	11.6
2905	0	0	11.6
2906	0	0	11.6
2907	0	0	11.6
2908	0	0	11.6
2909	0	0	11.6
2910	0	0	11.6
2911	0	0	11.6
2912	0	0	11.6
2913	0	0	11.6
2914	0	0	11.6
2915	0	0	11.6
2916	0	0	11.6
2917	0	0	11.6
2918	0	0	11.6
2919	0	0	11.6
2920	0	0	11.6
2921	0	0	11.6
2922	0	0	11.6
2923	0	0	11.6
2924	0	0	11.6
2925	0	0	11.6
2926	0	0	11.6
2927	0	0	11.6
2928	0	0	11.6
2929	0	0	11.6
2930	0	0	11.6
2931	0	0	11.6
2932	0	0	11.6
2933	0	0	11.6
2934	0	0	11.6
2935	0	0	11.6
2936	0	0	11.6
2937	0	0	11.6
2938	0	0	11.6
2939	0	0	11.6
2940	0	0	11.6
2941	0	0	11.5
2942	0	0	11.5
2943	0	0	11.5
2944	0	0	11.5
2945	0	0	11.4
2946	0	0	11.4
2947	0	0	11.4
2948	0	0	11.4
2949	0	0	11.3
2950	0	0	11.3
2951	0	0	11.3
2952	0	0	11.3
2953	0	0	11.2
2954	0	0	11.2
2955	0	0	11.2
2956	0	0	11.2
2957	0	0	11.1
2958	0	0	11.1
2959	0	0	11.1
2960	0	0	11.1
2961	0	0	11.0
2962	0	0	11.0
2963	0	0	11.0
2964	0	0	11.0
2965	0	0	10.9
2966	0	0	10.9
2967	0	0	10.9
2968	0	0	10.9
2969	0	0	10.8
2970	0	0	10.7
2971	0	0	10.6
2972	0	0	10.5
2973	0	0	10.4
2974	0	0	10.3
2975	0	0	10.2
2976	0	0	10.1
2977	0	0	10.0
2978	0	0	9.9
2979	0	0	9.8
2980	0	0	9.6
2981	0	0	9.5
2982	0	0	9.4
2983	0	0	9.3
2984	0	0	9.2
2985	0	0	9.1
2986	0	0	9.0
2987	0	0	8.9
2988	0	0	8.8
2989	0	0	8.7
2990	0	0	8.6
2991	0	0	8.5
2992	0	0	8.4
2993	0	0	8.3
2994	0	0	8.2
2995	0	0	8.1
2996	0	0	8.0
2997	0	0	7.9
2998	0	0	7.8
2999	0	0	7.8
3000	0	0	7.8
3001	0	0	7.8
3002	0	0	7.8
3003	0	0	7.8
3004	0	0	7.9
3005	0	0	7.9
3006	0	0	7.9
3007	0	0	7.9
3008	0	0	7.9
3009	0	0	7.9
3010	0	0	7.9
3011	0	0	7.9
3012	0	0	8.0
3013	0	0	8.0
3014	0	0	8.0
3015	0	0	8.0
3016	0	0	8.0
3017	0	0	8.0
3018	0	0	8.0
3019	0	0	8.0
3020	0	0	8.0
3021	0	0	8.1
3022	0	0	8.1
3023	0	0	8.1
3024	0	0	8.1
3025	0	0	8.1
3026	0	0	8.1
3027	0	0	8.1
3028	0	0	8.1
3029	0	0	8.2
3030	0	0	8.2
3031	0	0	8.2
3032	0	0	8.2
3033	0	0	8.2
3034	0	0	8.2
3035	0	0	8.2
3036	0	0	8.3
3037	0	0	8.3
3038	0	0	8.3
3039	0	0	8.3
3040	0	0	8.3
3041	0	0	8.3
3042	0	0	8.3
3043	0	0	8.4
3044	0	0	8.4
3045	0	0	8.4
3046	0	0	8.4
3047	0	0	8.4
3048	0	0	8.4
3049	0	0	8.4
3050	0	0	8.5
3051	0	0	8.5
3052	0	0	8.5
3053	0	0	8.5
3054	0	0	8.5
3055	0	0	8.5
3056	0	0	8.5
3057	0	0	8.6
3058	0	0	8.6
3059	0	0	8.6
3060	0	0	8.6
3061	0	0	8.5
3062	0	0	8.3
3063	0	0	8.2
3064	0	0	8.1
3065	0	0	8.0
3066	0	0	7.9
3067	0	0	7.7
3068	0	0	7.6
3069	0	0	7.5
3070	0	0	7.4
3071	0	0	7.3
3072	0	0	7.2
3073	0	0	7.0
3074	0	0	6.9
3075	0	0	6.8
3076	0	0	6.7
3077	0	0	6.6
3078	0	0	6.4
3079	0	0	6.3
3080	0	0	6.2
3081	0	0	6.1
3082	0	0	6.0
3083	0	0	5.8
3084	0	0	5.7
3085	0	0	5.6
3086	0	0	5.5
3087	0	0	5.4
3088	0	0	5.2
3089	0	0	5.1
3090	0	0	5.0
3091	0	0	5.0
3092	0	0	5.0
3093	0	0	5.0
3094	0	0	5.0
3095	0	0	5.0
3096	0	0	5.0
3097	0	0	5.0
3098	0	0	5.0
3099	0	0	5.0
3100	0	0	5.0
3101	0	0	5.0
3102	0	0	5.0
3103	0	0	5.0
3104	0	0	5.0
3105	0	0	5.0
3106	0	0	5.0
3107	0	0	5.0
3108	0	0	5.0
3109	0	0	5.0
3110	0	0	5.0
3111	0	0	5.0
3112	0	0	5.0
3113	0	0	5.0
3114	0	0	5.0
3115	0	0	5.0
3116	0	0	5.0
3117	0	0	5.0
3118	0	0	5.0
3119	0	0	5.0
3120	0	0	5.0
3121	0	0	5.0
3122	0	0	5.1
3123	0	0	5.1
3124	0	0	5.1
3125	0	0	5.2
3126	0	0	5.2
3127	0	0	5.3
3128	0	0	5.3
3129	0	0	5.4
3130	0	0	5.4
3131	0	0	5.5
3132	0	0	5.5
3133	0	0	5.6
3134	0	0	5.6
3135	0	0	5.7
3136	0	0	5.7
3137	0	0	5.8
3138	0	0	5.8
3139	0	0	5.9
3140	0	0	5.9
3141	0	0	6.0
3142	0	0	6.0
3143	0	0	6.1
3144	0	0	6.1
3145	0	0	6.2
3146	0	0	6.2
3147	0	0	6.3
3148	0	0	6.3
3149	0	0	6.3
3150	0	0	6.4
3151	0	0	6.4
3152	0	0	6.4
3153	0	0	6.5
3154	0	0	6.5
3155	0	0	6.6
3156	0	0	6.7
3157	0	0	6.7
3158	0	0	6.8
3159	0	0	6.8
3160	0	0	6.9
3161	0	0	6.9
3162	0	0	7.0
3163	0	0	7.0
3164	0	0	7.1
3165	0	0	7.1
3166	0	0	7.2
3167	0	0	7.2
3168	0	0	7.3
3169	0	0	7.3
3170	0	0	7.4
3171	0	0	7.4
3172	0	0	7.5
3173	0	0	7.5
3174	0	0	7.6
3175	0	0	7.6
3176	0	0	7.7
3177	0	0	7.8
3178	0	0	7.8
3179	0	0	7.9
3180	0	0	7.9
3181	0	0	8.0
3182	0	0	8.0
3183	0	0	8.0
3184	0	0	8.0
3185	0	0	8.0
3186	0	0	8.1
3187	0	0	8.1
3188	0	0	8.1
3189	0	0	8.1
3190	0	0	8.1
3191	0	0	8.1
3192	0	0	8.1
3193	0	0	8.1
3194	0	0	8.1
3195	0	0	8.1
3196	0	0	8.1
3197	0	0	8.1
3198	0	0	8.1
3199	0	0	8.1
3200	0	0	8.1
3201	0	0	8.1
3202	0	0	8.1
3203	0	0	8.2
3204	0	0	8.2
3205	0	0	8.2
3206	0	0	8.2
3207	0	0	8.2
3208	0	0	8.2
3209	0	0	8.2
3210	0	0	8.2
3211	0	0	8.2
3212	0	0	8.3
3213	0	0	8.4
3214	0	0	8.5
3215	0	0	8.6
3216	0	0	8.7
3217	0	0	8.8
3218	0	0	8.9
3219	0	0	9.0
3220	0	0	9.2
3221	0	0	9.3
3222	0	0	9.4
3223	0	0	9.5
3224	0	0	9.6
3225	0	0	9.7
3226	0	0	9.8
3227	0	0	9.9
3228	0	0	10.0
3229	0	0	10.1
3230	0	0	10.2
3231	0	0	10.3
3232	0	0	10.4
3233	0	0	10.5
3234	0	0	10.6
3235	0	0	10.7
3236	0	0	10.9
3237	0	0	11.0
3238	0	0	11.1
3239	0	0	11.2
3240	0	0	11.3
3241	0	0	11.4
3242	0	0	11.4
3243	0	0	11.4
3244	0	0	11.4
3245	0	0	11.4
3246	0	0	11.4
3247	0	0	11.4
3248	0	0	11.4
3249	0	0	11.4
3250	0	0	11.4
3251	0	0	11.4
3252	0	0	11.5
3253	0	0	11.5
3254	0	0	11.5
3255	0	0	11.5
3256	0	0	11.5
3257	0	0	11.5
3258	0	0	11.5
3259	0	0	11.5
3260	0	0	11.5
3261	0	0	11.5
3262	0	0	11.5
3263	0	0	11.5
3264	0	0	11.5
3265	0	0	11.5
3266	0	0	11.5
3267	0	0	11.5
3268	0	0	11.5
3269	0	0	11.6
3270	0	0	11.6
3271	0	0	11.6
3272	0	0	11.6
3273	0	0	11.6
3274	0	0	11.6
3275	0	0	11.6
3276	0	0	11.6
3277	0	0	11.6
3278	0	0	11.6
3279	0	0	11.6
3280	0	0	11.6
3281	0	0	11.6
3282	0	0	11.6
3283	0	0	11.6
3284	0	0	11.6
3285	0	0	11.6
3286	0	0	11.6
3287	0	0	11.6
3288	0	0	11.6
3289	0	0	11.6
3290	0	0	11.6
3291	0	0	11.6
3292	0	0	11.6
3293	0	0	11.6
3294	0	0	11.6
3295	0	0	11.6
3296	0	0	11.6
3297	0	0	11.6
3298	0	0	11.6
3299	0	0	11.6
3300	0	0	11.6
3301	0	0	11.6
3302	0	0	11.6
3303	0	0	11.6
3304	0	0	11.6
3305	0	0	11.6
3306	0	0	11.5
3307	0	0	11.5
3308	0	0	11.5
3309	0	0	11.5
3310	0	0	11.4
3311	0	0	11.4
3312	0	0	11.4
3313	0	0	11.4
3314	0	0	11.3
3315	0	0	11.3
3316	0	0	11.3
3317	0	0	11.3
3318	0	0	11.2
3319	0	0	11.2
3320	0	0	11.2
3321	0	0	11.2
3322	0	0	11.1
3323	0	0	11.1
3324	0	0	11.1
3325	0	0	11.1
3326	0	0	11.0
3327	0	0	11.0
3328	0	0	11.0
3329	0	0	11.0
3330	0	0	10.9
3331	0	0	10.9
3332	0	0	10.9
3333	0	0	10.9
3334	0	0	10.8
3335	0	0	10.7
3336	0	0	10.6
3337	0	0	10.5
3338	0	0	10.4
3339	0	0	10.3
3340	0	0	10.2
3341	0	0	10.1
3342	0	0	10.0
3343	0	0	9.9
3344	0	0	9.8
3345	0	0	9.6
3346	0	0	9.5
3347	0	0	9.4
3348	0	0	9.3
3349	0	0	9.2
3350	0	0	9.1
3351	0	0	9.0
3352	0	0	8.9
3353	0	0	8.8
3354	0	0	8.7
3355	0	0	8.6
3356	0	0	8.5
3357	0	0	8.4
3358	0	0	8.3
3359	0	0	8.2
3360	0	0	8.1
3361	0	0	8.0
3362	0	0	7.9
3363	0	0	7.8
3364	0	0	7.8
3365	0	0	7.8
3366	0	0	7.8
3367	0	0	7.8
3368	0	0	7.8
3369	0	0	7.9
3370	0	0	7.9
3371	0	0	7.9
3372	0	0	7.9
3373	0	0	7.9
3374	0	0	7.9
3375	0	0	7.9
3376	0	0	7.9
3377	0	0	8.0
3378	0	0	8.0
3379	0	0	8.0
3380	0	0	8.0
3381	0	0	8.0
3382	0	0	8.0
3383	0	0	8.0
3384	0	0	8.0
3385	0	0	8.0
3386	0	0	8.1
3387	0	0	8.1
3388	0	0	8.1
3389	0	0	8.1
3390	0	0	8.1
3391	0	0	8.1
3392	0	0	8.1
3393	0	0	8.1
3394	0	0	8.2
3395	0	0	8.2
3396	0	0	8.2
3397	0	0	8.2
3398	0	0	8.2
3399	0	0	8.2
3400	0	0	8.2
3401	0	0	8.3
3402	0	0	8.3
3403	0	0	8.3
3404	0	0	8.3
3405	0	0	8.3
3406	0	0	8.3
3407	0	0	8.3
3408	0	0	8.4
3409	0	0	8.4
3410	0	0	8.4
3411	0	0	8.4
3412	0	0	8.4
3413	0	0	8.4
3414	0	0	8.4
3415	0	0	8.5
3416	0	0	8.5
3417	0	0	8.5
3418	0	0	8.5
3419	0	0	8.5
3420	0	0	8.5
3421	0	0	8.5
3422	0	0	8.6
3423	0	0	8.6
3424	0	0	8.6
3425	0	0	8.6
3426	0	0	8.5
3427	0	0	8.3
3428	0	0	8.2
3429	0	0	8.1
3430	0	0	8.0
3431	0	0	7.9
3432	0	0	7.7
3433	0	0	7.6
3434	0	0	7.5
3435	0	0	7.4
3436	0	0	7.3
3437	0	0	7.2
3438	0	0	7.0
3439	0	0	6.9
3440	0	0	6.8
3441	0	0	6.7
3442	0	0	6.6
3443	0	0	6.4
3444	0	0	6.3
3445	0	0	6.2
3446	0	0	6.1
3447	0	0	6.0
3448	0	0	5.8
3449	0	0	5.7
3450	0	0	5.6
3451	0	0	5.5
3452	0	0	5.4
3453	0	0	5.2
3454	0	0	5.1
3455	0	0	5.0
3456	0	0	5.0
3457	0	0	5.0
3458	0	0	5.0
3459	0	0	5.0
3460	0	0	5.0
3461	0	0	5.0
3462	0	0	5.0
3463	0	0	5.0
3464	0	0	5.0
3465	0	0	5.0
3466	0	0	5.0
3467	0	0	5.0
3468	0	0	5.0
3469	0	0	5.0
3470	0	0	5.0
3471	0	0	5.0
3472	0	0	5.0
3473	0	0	5.0
3474	0	0	5.0
3475	0	0	5.0
3476	0	0	5.0
3477	0	0	5.0
3478	0	0	5.0
3479	0	0	5.0
3480	0	0	5.0
3481	0	0	5.0
3482	0	0	5.0
3483	0	0	5.0
3484	0	0	5.0
3485	0	0	5.0
3486	0	0	5.0
3487	0	0	5.1
3488	0	0	5.1
3489	0	0	5.1
3490	0	0	5.2
3491	0	0	5.2
3492	0	0	5.3
3493	0	0	5.3
3494	0	0	5.4
3495	0	0	5.4
3496	0	0	5.5
3497	0	0	5.5
3498	0	0	5.6
3499	0	0	5.6
3500	0	0	5.7
3501	0	0	5.7
3502	0	0	5.8
3503	0	0	5.8
3504	0	0	5.9
3505	0	0	5.9
3506	0	0	6.0
3507	0	0	6.0
3508	0	0	6.1
3509	0	0	6.1
3510	0	0	6.2
3511	0	0	6.2
3512	0	0	6.3
3513	0	0	6.3
3514	0	0	6.3
3515	0	0	6.4
3516	0	0	6.4
3517	0	0	6.4
3518	0	0	6.5
3519	0	0	6.5
3520	0	0	6.6
3521	0	0	6.7
3522	0	0	6.7
3523	0	0	6.8
3524	0	0	6.8
3525	0	0	6.9
3526	0	0	6.9
3527	0	0	7.0
3528	0	0	7.0
3529	0	0	7.1
3530	0	0	7.1
3531	0	0	7.2
3532	0	0	7.2
3533	0	0	7.3
3534	0	0	7.3
3535	0	0	7.4
3536	0	0	7.4
3537	0	0	7.5
3538	0	0	7.5
3539	0	0	7.6
3540	0	0	7.6
3541	0	0	7.7
3542	0	0	7.8
3543	0	0	7.8
3544	0	0	7.9
3545	0	0	7.9
3546	0	0	8.0
3547	0	0	8.0
3548	0	0	8.0
3549	0	0	8.0
3550	0	0	8.0
3551	0	0	8.1
3552	0	0	8.1
3553	0	0	8.1
3554	0	0	8.1
3555	0	0	8.1
3556	0	0	8.1
3557	0	0	8.1
3558	0	0	8.1
3559	0	0	8.1
3560	0	0	8.1
3561	0	0	8.1
3562	0	0	8.1
3563	0	0	8.1
3564	0	0	8.1
3565	0	0	8.1
3566	0	0	8.1
3567	0	0	8.1
3568	0	0	8.2
3569	0	0	8.2
3570	0	0	8.2
3571	0	0	8.2
3572	0	0	8.2
3573	0	0	8.2
3574	0	0	8.2
3575	0	0	8.2
3576	0	0	8.2
3577	0	0	8.3
3578	0	0	8.4
3579	0	0	8.5
3580	0	0	8.6
3581	0	0	8.7
3582	0	0	8.8
3583	0	0	8.9
3584	0	0	9.0
3585	0	0	9.2
3586	0	0	9.3
3587	0	0	9.4
3588	0	0	9.5
3589	0	0	9.6
3590	0	0	9.7
3591	0	0	9.8
3592	0	0	9.9
3593	0	0	10.0
3594	0	0	10.1
3595	0	0	10.2
3596	0	0	10.3
3597	0	0	10.4
3598	0	0	10.5
3599	0	0	10.6
3600	0	0	10.7
3601	0	0	10.9
3602	0	0	11.0
3603	0	0	11.1
3604	0	0	11.2
3605	0	0	11.3
3606	0	0	11.4
3607	0	0	11.4
3608	0	0	11.4
3609	0	0	11.4
3610	0	0	11.4
3611	0	0	11.4
3612	0	0	11.4
3613	0	0	11.4
3614	0	0	11.4
3615	0	0	11.4
3616	0	0	11.4
3617	0	0	11.5
3618	0	0	11.5
3619	0	0	11.5
3620	0	0	11.5
3621	0	0	11.5
3622	0	0	11.5
3623	0	0	11.5
3624	0	0	11.5
3625	0	0	11.5
3626	0	0	11.5
3627	0	0	11.5
3628	0	0	11.5
3629	0	0	11.5
3630	0	0	11.5
3631	0	0	11.5
3632	0	0	11.5
3633	0	0	11.5
3634	0	0	11.6
3635	0	0	11.6
3636	0	0	11.6
3637	0	0	11.6
3638	0	0	11.6
3639	0	0	11.6
3640	0	0	11.6
3641	0	0	11.6
3642	0	0	11.6
3643	0	0	11.6
3644	0	0	11.6
3645	0	0	11.6
3646	0	0	11.6
3647	0	0	11.6
3648	0	0	11.6
3649	0	0	11.6
3650	0	0	11.6
3651	0	0	11.6