TIME_UNITS d
DATA_UNITS mm/d
0	0.00
1	0.00
2	0.00
3	0.00
4	0.00
5	0.00
6	0.00
7	0.00
8	0.00
9	0.00
10	0.00
11	0.00
12	0.00
13	0.00
14	0.00
15	0.00
16	0.00
17	0.00
18	0.00
19	4.51
20	9.03
21	13.54
22	18.05
23	22.56
24	27.08
25	31.59
26	36.10
27	0.00
28	0.00
29	5.60
30	2.80
31	0.00
32	0.00
33	0.00
34	0.00
35	0.00
36	3.45
37	6.90
38	6.60
39	5.30
40	0.00
41	0.00
42	0.00
43	0.00
44	0.00
45	0.00
46	0.00
47	0.00
48	0.00
49	0.00
50	0.00
51	0.00
52	3.30
53	6.60
54	9.90
55	9.65
56	9.40
57	9.15
58	8.90
59	8.65
60	8.40
61	8.15
62	7.90
63	7.65
64	7.40
65	7.15
66	6.90
67	5.80
68	4.70
69	3.60
70	2.50
71	1.40
72	0.30
73	1.00
74	0.00
75	0.00
76	0.80
77	0.00
78	12.40
79	13.00
80	4.10
81	0.00
82	0.00
83	0.00
84	0.00
85	0.00
86	0.00
87	0.00
88	0.00
89	0.03
90	0.06
91	0.09
92	0.13
93	0.16
94	0.19
95	0.22
96	0.25
97	0.28
98	0.31
99	0.34
100	0.38
101	0.41
102	0.44
103	0.47
104	0.50
105	3.60
106	3.24
107	2.88
108	2.52
109	2.16
110	1.80
111	1.44
112	1.08
113	0.72
114	0.36
115	0.00
116	0.00
117	0.00
118	0.00
119	0.00
120	0.00
121	0.00
122	0.00
123	0.00
124	0.00
125	0.00
126	0.00
127	0.00
128	9.70
129	9.89
130	10.08
131	10.26
132	10.45
133	10.64
134	10.83
135	11.01
136	11.20
137	45.50
138	0.50
139	0.42
140	0.33
141	0.25
142	0.17
143	0.08
144	0.00
145	0.00
146	0.00
147	0.00
148	0.00
149	0.00
150	0.00
151	0.00
152	0.00
153	0.00
154	0.00
155	0.00
156	0.00
157	0.00
158	1.00
159	0.00
160	0.00
161	0.00
162	0.00
163	0.50
164	0.80
165	0.00
166	0.00
167	0.00
168	0.00
169	0.00
170	0.00
171	0.00
172	0.00
173	0.00
174	0.00
175	0.00
176	0.50
177	0.00
178	0.00
179	0.00
180	0.00
181	0.00
182	0.00
183	0.00
184	0.00
185	0.00
186	0.00
187	0.00
188	0.00
189	0.00
190	0.00
191	0.00
192	5.10
193	0.00
194	0.63
195	1.25
196	1.88
197	2.50
198	0.50
199	1.40
200	2.30
201	6.60
202	5.28
203	3.95
204	2.63
205	1.30
206	1.50
207	1.20
208	0.90
209	0.60
210	0.30
211	0.23
212	0.15
213	0.08
214	0.00
215	0.00
216	0.00
217	0.00
218	3.60
219	6.60
220	4.95
221	3.30
222	0.30
223	0.20
224	0.10
225	0.00
226	0.00
227	0.00
228	0.00
229	0.00
230	0.00
231	0.00
232	0.00
233	0.00
234	0.00
235	0.00
236	0.00
237	0.00
238	0.00
239	0.00
240	0.80
241	2.80
242	0.00
243	0.00
244	0.00
245	0.00
246	0.00
247	0.00
248	0.00
249	0.00
250	0.00
251	0.00
252	0.00
253	1.50
254	5.10
255	10.90
256	0.00
257	0.00
258	0.00
259	0.50
260	0.00
261	1.30
262	4.80
263	0.00
264	0.00
265	0.00
266	0.00
267	0.00
268	0.00
269	0.00
270	0.00
271	0.00
272	0.00
273	0.00
274	0.00
275	0.00
276	0.00
277	0.00
278	0.00
279	0.00
280	0.00
281	0.00
282	0.00
283	0.00
284	32.00
285	5.80
286	4.50
287	3.20
288	0.50
289	0.00
290	0.00
291	0.00
292	0.00
293	0.00
294	0.00
295	0.00
296	0.00
297	0.50
298	3.30
299	1.30
300	30.20
301	0.00
302	0.00
303	1.30
304	0.00
305	16.50
306	0.00
307	0.00
308	0.00
309	0.00
310	0.00
311	0.00
312	0.00
313	0.00
314	0.00
315	5.10
316	0.80
317	0.00
318	0.00
319	0.00
320	0.30
321	59.20
322	5.60
323	0.00
324	0.00
325	0.00
326	0.00
327	0.00
328	0.50
329	0.50
330	1.80
331	10.20
332	1.30
333	0.80
334	0.00
335	0.00
336	1.00
337	0.00
338	0.00
339	0.00
340	0.00
341	0.00
342	0.00
343	0.00
344	0.00
345	0.00
346	0.00
347	0.00
348	0.50
349	0.00
350	42.70
351	0.00
352	0.00
353	0.00
354	0.00
355	0.00
356	0.00
357	9.90
358	5.60
359	0.00
360	0.00
361	0.00
362	0.00
363	0.00
364	0.00
365	0.00
366	0.00
367	4.80
368	0.00
369	0.00
370	0.00
371	0.00
372	0.00
373	0.00
374	0.00
375	0.00
376	0.80
377	0.00
378	0.00
379	0.00
380	0.00
381	0.00
382	0.00
383	0.00
384	0.00
385	0.00
386	0.00
387	0.00
388	0.00
389	0.00
390	0.00
391	0.00
392	0.00
393	0.00
394	0.00
395	1.50
396	0.00
397	0.00
398	0.00
399	0.00
400	0.00
401	0.50
402	0.00
403	0.00
404	0.00
405	0.00
406	0.00
407	0.00
408	0.00
409	0.00
410	0.00
411	0.00
412	0.00
413	0.00
414	0.00
415	0.00
416	0.00
417	0.00
418	0.00
419	0.00
420	0.00
421	0.00
422	0.00
423	0.00
424	0.00
425	12.70
426	14.20
427	0.00
428	0.00
429	0.00
430	0.00
431	0.00
432	0.00
433	0.00
434	0.00
435	2.80
436	0.00
437	0.00
438	6.10
439	0.00
440	0.00
441	0.00
442	0.00
443	0.00
444	0.00
445	0.00
446	0.00
447	0.00
448	0.30
449	0.00
450	0.00
451	0.00
452	0.50
453	56.40
454	0.00
455	0.00
456	0.00
457	0.00
458	0.00
459	0.00
460	0.00
461	0.30
462	0.00
463	0.00
464	0.00
465	0.00
466	1.00
467	1.50
468	97.50
469	5.30
470	2.50
471	0.30
472	0.00
473	0.00
474	0.00
475	0.00
476	0.00
477	0.00
478	24.60
479	5.60
480	7.90
481	2.80
482	0.00
483	0.00
484	0.00
485	0.80
486	0.00
487	0.00
488	0.50
489	0.00
490	24.90
491	21.30
492	0.00
493	0.50
494	0.30
495	18.50
496	15.50
497	0.00
498	14.00
499	0.00
500	5.30
501	0.00
502	0.50
503	0.00
504	0.00
505	0.00
506	0.00
507	0.30
508	52.60
509	1.30
510	0.00
511	0.00
512	37.30
513	22.40
514	0.00
515	4.80
516	1.50
517	0.00
518	0.00
519	0.00
520	0.00
521	0.00
522	0.00
523	0.00
524	0.50
525	0.00
526	14.50
527	0.00
528	0.00
529	0.00
530	0.00
531	0.00
532	0.00
533	4.80
534	0.00
535	0.00
536	0.00
537	5.80
538	39.40
539	0.50
540	0.00
541	0.00
542	0.00
543	0.00
544	0.00
545	0.00
546	0.00
547	32.00
548	1.50
549	25.90
550	0.00
551	0.00
552	0.00
553	0.30
554	4.60
555	3.60
556	1.30
557	0.00
558	0.00
559	2.30
560	1.00
561	0.80
562	1.00
563	0.00
564	5.60
565	2.80
566	0.00
567	0.00
568	0.00
569	0.00
570	0.00
571	6.60
572	4.95
573	3.30
574	1.65
575	0.00
576	0.00
577	11.70
578	0.00
579	0.00
580	0.00
581	0.00
582	0.00
583	0.00
584	0.00
585	0.00
586	0.00
587	0.00
588	0.00
589	0.00
590	0.00
591	0.00
592	1.80
593	5.10
594	20.30
595	0.50
596	0.00
597	0.00
598	0.50
599	0.00
600	0.00
601	0.30
602	0.00
603	0.00
604	0.00
605	0.00
606	0.00
607	39.10
608	26.07
609	13.03
610	0.00
611	0.50
612	4.80
613	15.50
614	9.90
615	0.00
616	0.00
617	0.30
618	20.60
619	0.00
620	1.50
621	14.70
622	0.00
623	0.00
624	0.00
625	0.00
626	0.00
627	0.00
628	0.00
629	0.00
630	0.00
631	0.00
632	0.80
633	11.40
634	0.00
635	0.00
636	0.00
637	0.00
638	11.40
639	2.30
640	0.00
641	0.00
642	0.00
643	0.00
644	0.00
645	0.50
646	9.70
647	0.00
648	0.00
649	0.00
650	0.00
651	0.00
652	0.00
653	10.20
654	11.40
655	0.00
656	0.00
657	0.00
658	0.00
659	0.00
660	0.00
661	0.00
662	17.30
663	0.00
664	0.00
665	0.00
666	0.00
667	0.00
668	0.00
669	0.00
670	1.50
671	2.50
672	0.30
673	0.00
674	0.00
675	0.30
676	0.00
677	0.00
678	0.00
679	0.00
680	0.00
681	0.00
682	0.00
683	0.30
684	32.50
685	5.60
686	9.90
687	0.00
688	0.00
689	0.00
690	0.00
691	0.30
692	0.80
693	0.00
694	0.00
695	0.00
696	0.00
697	0.00
698	0.00
699	0.00
700	0.00
701	0.00
702	0.00
703	0.00
704	0.00
705	0.00
706	0.00
707	0.00
708	0.00
709	0.00
710	0.00
711	0.00
712	0.00
713	25.90
714	0.00
715	0.00
716	2.00
717	0.00
718	0.30
719	0.00
720	0.00
721	0.00
722	0.00
723	0.00
724	0.00
725	0.00
726	0.00
727	0.00
728	0.00
729	0.00
730	0.00
731	0.00
732	23.90
733	14.70
734	0.00
735	0.00
736	0.00
737	0.80
738	37.10
739	10.90
740	9.81
741	8.72
742	7.63
743	6.54
744	5.45
745	4.36
746	3.27
747	2.18
748	1.09
749	0.00
750	0.00
751	0.00
752	0.00
753	0.00
754	0.00
755	0.00
756	0.00
757	0.00
758	0.00
759	35.60
760	0.00
761	35.10
762	7.90
763	13.50
764	0.00
765	0.00
766	0.00
767	0.00
768	28.70
769	2.50
770	0.00
771	0.00
772	0.00
773	0.00
774	0.00
775	0.00
776	0.00
777	0.00
778	1.50
779	0.00
780	0.00
781	2.80
782	6.40
783	0.00
784	0.00
785	0.00
786	0.50
787	0.00
788	28.70
789	0.00
790	0.00
791	0.00
792	0.00
793	0.00
794	0.00
795	0.00
796	0.00
797	0.00
798	0.00
799	0.00
800	0.00
801	0.00
802	0.00
803	0.00
804	0.00
805	0.00
806	0.00
807	19.10
808	0.00
809	0.00
810	0.00
811	0.00
812	0.00
813	0.00
814	0.00
815	0.00
816	0.00
817	0.00
818	0.00
819	0.00
820	0.00
821	0.00
822	0.80
823	6.90
824	23.40
825	1.00
826	0.00
827	0.00
828	31.00
829	49.50
830	13.00
831	7.40
832	0.00
833	0.00
834	0.00
835	0.00
836	0.00
837	0.00
838	0.00
839	22.90
840	0.00
841	0.30
842	20.30
843	0.30
844	0.00
845	0.00
846	4.30
847	0.00
848	0.00
849	0.00
850	0.00
851	0.00
852	0.00
853	0.00
854	0.00
855	0.00
856	0.00
857	0.00
858	0.00
859	0.00
860	0.00
861	0.00
862	0.00
863	0.00
864	0.00
865	0.00
866	0.00
867	0.00
868	0.00
869	0.00
870	0.00
871	0.00
872	0.00
873	0.80
874	0.00
875	3.80
876	0.00
877	0.00
878	0.00
879	0.00
880	0.00
881	0.00
882	0.00
883	0.00
884	10.40
885	7.60
886	0.00
887	0.00
888	0.00
889	0.00
890	0.00
891	0.00
892	0.00
893	0.00
894	0.00
895	5.30
896	0.00
897	0.30
898	0.00
899	0.00
900	0.00
901	0.00
902	0.00
903	0.00
904	0.00
905	0.00
906	0.00
907	0.00
908	0.00
909	0.00
910	0.00
911	0.00
912	0.00
913	0.00
914	0.00
915	0.00
916	0.00
917	0.00
918	0.00
919	0.00
920	0.00
921	0.00
922	0.00
923	0.00
924	0.00
925	0.00
926	0.00
927	0.00
928	0.00
929	0.00
930	0.00
931	0.00
932	0.00
933	0.00
934	0.30
935	0.00
936	0.00
937	23.40
938	0.00
939	0.00
940	1.00
941	1.80
942	0.50
943	0.00
944	0.00
945	0.00
946	0.00
947	0.00
948	2.30
949	0.00
950	0.00
951	0.00
952	36.80
953	1.50
954	0.00
955	0.00
956	0.00
957	0.00
958	3.30
959	34.30
960	1.50
961	0.00
962	0.30
963	0.50
964	0.00
965	0.00
966	0.00
967	0.00
968	0.00
969	0.00
970	0.00
971	0.00
972	0.00
973	0.00
974	0.00
975	6.10
976	0.00
977	0.00
978	3.60
979	0.00
980	0.00
981	0.00
982	0.00
983	0.00
984	0.00
985	0.00
986	0.00
987	0.00
988	0.00
989	0.00
990	0.00
991	0.00
992	0.00
993	0.00
994	0.00
995	0.00
996	0.00
997	0.00
998	0.30
999	3.30
1000	0.00
1001	0.00
1002	0.00
1003	0.00
1004	0.00
1005	0.00
1006	0.00
1007	2.00
1008	0.00
1009	0.00
1010	1.80
1011	0.50
1012	0.00
1013	0.00
1014	0.00
1015	0.00
1016	0.00
1017	0.00
1018	0.00
1019	0.00
1020	0.00
1021	0.00
1022	0.00
1023	0.00
1024	0.00
1025	0.00
1026	0.00
1027	0.00
1028	0.00
1029	0.00
1030	0.00
1031	0.30
1032	0.50
1033	0.00
1034	0.00
1035	0.00
1036	0.00
1037	0.00
1038	3.80
1039	0.00
1040	0.00
1041	0.00
1042	0.00
1043	0.00
1044	2.50
1045	0.00
1046	0.00
1047	0.00
1048	0.00
1049	0.00
1050	0.00
1051	0.00
1052	0.00
1053	0.00
1054	0.00
1055	0.00
1056	0.00
1057	0.00
1058	0.00
1059	0.00
1060	0.00
1061	0.00
1062	0.00
1063	0.00
1064	0.00
1065	0.00
1066	1.80
1067	0.00
1068	0.00
1069	0.00
1070	0.00
1071	0.00
1072	0.00
1073	0.00
1074	0.00
1075	0.00
1076	54.90
1077	0.00
1078	0.00
1079	0.00
1080	0.00
1081	0.00
1082	0.00
1083	0.00
1084	15.50
1085	0.00
1086	0.00
1087	0.00
1088	1.00
1089	0.00
1090	0.00
1091	0.00
1092	0.00
1093	0.00
1094	0.00
1095	0.00
1096	0.00
1097	0.00
1098	0.00
1099	0.00
1100	1.50
1101	0.00
1102	0.00
1103	0.00
1104	0.00
1105	0.00
1106	0.00
1107	0.00
1108	0.00
1109	0.00
1110	0.00
1111	0.00
1112	0.00
1113	0.00
1114	0.00
1115	0.00
1116	35.30
1117	0.00
1118	0.00
1119	0.00
1120	0.00
1121	0.00
1122	0.00
1123	0.00
1124	0.00
1125	0.00
1126	0.00
1127	0.00
1128	0.00
1129	0.00
1130	0.00
1131	0.00
1132	0.00
1133	0.00
1134	0.00
1135	0.00
1136	0.00
1137	0.00
1138	0.00
1139	0.00
1140	0.00
1141	0.00
1142	0.00
1143	0.00
1144	0.00
1145	0.00
1146	0.00
1147	0.00
1148	0.00
1149	0.00
1150	0.00
1151	0.00
1152	0.00
1153	0.00
1154	0.00
1155	0.00
1156	0.00
1157	0.00
1158	0.00
1159	0.00
1160	0.00
1161	0.00
1162	0.00
1163	0.00
1164	0.00
1165	0.00
1166	0.00
1167	0.00
1168	0.00
1169	0.00
1170	5.10
1171	0.00
1172	0.00
1173	0.00
1174	0.00
1175	0.00
1176	0.00
1177	0.00
1178	0.00
1179	0.00
1180	0.00
1181	1.30
1182	0.00
1183	0.00
1184	0.00
1185	0.00
1186	0.00
1187	0.00
1188	0.00
1189	0.00
1190	0.00
1191	0.00
1192	0.00
1193	0.00
1194	0.00
1195	0.00
1196	0.00
1197	0.00
1198	0.00
1199	0.00
1200	0.00
1201	0.00
1202	0.00
1203	0.00
1204	0.50
1205	0.00
1206	0.00
1207	0.00
1208	0.00
1209	0.00
1210	0.00
1211	0.00
1212	0.00
1213	0.00
1214	0.00
1215	0.00
1216	0.00
1217	0.00
1218	0.00
1219	0.00
1220	0.00
1221	0.00
1222	0.00
1223	0.00
1224	0.00
1225	29.00
1226	8.40
1227	0.00
1228	0.00
1229	0.00
1230	0.00
1231	0.00
1232	0.00
1233	0.00
1234	0.00
1235	0.00
1236	0.00
1237	0.00
1238	0.00
1239	0.00
1240	0.00
1241	0.00
1242	0.00
1243	0.00
1244	0.00
1245	0.00
1246	0.00
1247	0.00
1248	0.00
1249	0.00
1250	0.30
1251	0.00
1252	0.00
1253	1.30
1254	0.00
1255	0.00
1256	0.00
1257	0.00
1258	0.00
1259	0.00
1260	0.00
1261	0.00
1262	0.80
1263	21.10
1264	0.00
1265	0.00
1266	0.00
1267	0.00
1268	0.00
1269	34.80
1270	0.00
1271	0.00
1272	0.00
1273	21.10
1274	0.50
1275	0.00
1276	0.00
1277	0.00
1278	0.00
1279	4.60
1280	5.80
1281	6.10
1282	66.80
1283	0.00
1284	0.00
1285	0.00
1286	0.00
1287	0.00
1288	0.00
1289	0.00
1290	0.00
1291	0.00
1292	0.00
1293	35.80
1294	0.00
1295	0.00
1296	0.00
1297	5.10
1298	0.00
1299	34.50
1300	0.00
1301	1.30
1302	9.10
1303	1.80
1304	0.00
1305	0.00
1306	0.00
1307	0.00
1308	0.00
1309	0.00
1310	0.00
1311	0.00
1312	0.00
1313	0.00
1314	0.00
1315	0.00
1316	0.00
1317	14.20
1318	4.80
1319	0.00
1320	0.00
1321	0.00
1322	0.00
1323	0.00
1324	0.00
1325	0.00
1326	0.00
1327	0.00
1328	0.00
1329	0.00
1330	0.00
1331	0.00
1332	0.00
1333	110.20
1334	4.60
1335	0.00
1336	0.00
1337	0.00
1338	0.00
1339	4.30
1340	0.00
1341	0.00
1342	0.80
1343	34.00
1344	27.20
1345	20.40
1346	13.60
1347	6.80
1348	0.00
1349	4.30
1350	0.50
1351	0.00
1352	3.80
1353	3.00
1354	0.50
1355	0.00
1356	3.30
1357	49.80
1358	3.60
1359	0.00
1360	0.00
1361	0.00
1362	0.00
1363	0.00
1364	0.00
1365	0.00
1366	0.00
1367	0.00
1368	0.00
1369	0.00
1370	0.30
1371	0.00
1372	0.00
1373	0.00
1374	0.00
1375	0.00
1376	0.30
1377	6.40
1378	45.70
1379	28.70
1380	14.35
1381	0.00
1382	0.00
1383	0.00
1384	0.00
1385	0.00
1386	0.00
1387	0.30
1388	79.20
1389	0.00
1390	0.00
1391	0.00
1392	0.00
1393	0.00
1394	0.00
1395	0.00
1396	0.00
1397	14.00
1398	0.30
1399	0.00
1400	0.00
1401	0.00
1402	0.00
1403	0.80
1404	0.00
1405	0.00
1406	0.00
1407	0.00
1408	0.00
1409	0.00
1410	0.00
1411	0.00
1412	0.00
1413	0.00
1414	0.00
1415	2.00
1416	1.00
1417	0.00
1418	0.00
1419	1.00
1420	0.00
1421	0.00
1422	0.00
1423	0.00
1424	0.00
1425	0.05
1426	0.09
1427	0.14
1428	0.18
1429	0.23
1430	0.27
1431	0.32
1432	0.36
1433	0.41
1434	0.45
1435	0.50
1436	1.50
1437	14.50
1438	5.10
1439	26.55
1440	48.00
1441	37.28
1442	26.55
1443	15.83
1444	5.10
1445	13.20
1446	12.32
1447	11.44
1448	10.56
1449	9.68
1450	8.80
1451	7.92
1452	7.04
1453	6.16
1454	5.28
1455	4.40
1456	3.52
1457	2.64
1458	1.76
1459	0.88
1460	0.00
1461	0.48
1462	0.95
1463	1.43
1464	1.90
1465	2.38
1466	2.85
1467	3.33
1468	3.80
1469	14.58
1470	25.36
1471	36.14
1472	46.92
1473	57.70
1474	50.66
1475	43.61
1476	36.57
1477	29.53
1478	22.49
1479	15.44
1480	8.40
1481	1.00
1482	0.83
1483	0.67
1484	0.50
1485	0.33
1486	0.17
1487	0.00
1488	0.00
1489	0.00
1490	0.00
1491	0.00
1492	0.00
1493	0.04
1494	0.09
1495	0.13
1496	0.17
1497	0.21
1498	0.26
1499	0.30
1500	8.90
1501	8.60
1502	59.20
1503	31.90
1504	4.60
1505	9.55
1506	14.50
1507	7.25
1508	0.00
1509	0.00
1510	0.00
1511	0.00
1512	0.00
1513	0.00
1514	0.00
1515	0.00
1516	0.00
1517	0.00
1518	0.00
1519	0.00
1520	0.00
1521	0.00
1522	0.00
1523	0.00
1524	0.00
1525	0.00
1526	0.00
1527	1.50
1528	0.00
1529	0.00
1530	0.00
1531	0.00
1532	0.00
1533	0.00
1534	0.00
1535	0.00
1536	0.00
1537	0.00
1538	0.00
1539	0.00
1540	16.80
1541	0.00
1542	0.00
1543	0.00
1544	0.00
1545	0.00
1546	0.00
1547	0.00
1548	0.00
1549	0.00
1550	0.00
1551	0.00
1552	0.00
1553	0.00
1554	0.00
1555	0.00
1556	0.00
1557	0.00
1558	0.00
1559	0.00
1560	0.00
1561	0.00
1562	0.00
1563	0.00
1564	0.00
1565	0.00
1566	17.00
1567	7.10
1568	0.50
1569	24.90
1570	0.30
1571	0.00
1572	0.00
1573	0.00
1574	0.00
1575	0.00
1576	0.00
1577	0.00
1578	0.00
1579	0.00
1580	0.00
1581	16.30
1582	34.30
1583	1.80
1584	0.00
1585	0.00
1586	0.00
1587	0.00
1588	0.00
1589	0.00
1590	0.00
1591	0.00
1592	0.00
1593	0.00
1594	6.40
1595	0.00
1596	43.90
1597	0.00
1598	0.00
1599	3.30
1600	0.00
1601	0.00
1602	0.00
1603	0.00
1604	0.00
1605	3.00
1606	0.00
1607	0.00
1608	31.00
1609	1.50
1610	0.00
1611	0.00
1612	0.00
1613	0.00
1614	0.00
1615	0.00
1616	0.00
1617	0.00
1618	0.00
1619	0.00
1620	0.00
1621	0.00
1622	0.00
1623	0.00
1624	0.30
1625	0.00
1626	0.00
1627	0.00
1628	0.00
1629	0.00
1630	0.00
1631	0.00
1632	0.00
1633	0.00
1634	0.00
1635	0.00
1636	0.00
1637	0.00
1638	0.00
1639	0.00
1640	2.80
1641	0.00
1642	0.00
1643	0.00
1644	0.00
1645	0.00
1646	0.00
1647	0.00
1648	0.00
1649	0.00
1650	0.00
1651	0.00
1652	0.00
1653	0.00
1654	0.00
1655	0.00
1656	0.00
1657	0.00
1658	1.00
1659	2.00
1660	0.00
1661	0.00
1662	0.00
1663	0.30
1664	0.00
1665	0.00
1666	0.00
1667	0.00
1668	0.00
1669	0.00
1670	0.00
1671	1.80
1672	0.00
1673	0.00
1674	3.30
1675	11.90
1676	0.00
1677	0.00
1678	1.80
1679	4.80
1680	0.00
1681	0.00
1682	2.00
1683	78.20
1684	19.60
1685	0.00
1686	0.50
1687	0.50
1688	0.00
1689	2.30
1690	0.00
1691	0.00
1692	0.00
1693	0.00
1694	0.00
1695	0.00
1696	0.00
1697	0.00
1698	0.00
1699	0.00
1700	0.50
1701	0.00
1702	0.00
1703	0.00
1704	3.00
1705	0.00
1706	0.00
1707	0.00
1708	0.00
1709	0.00
1710	0.00
1711	2.30
1712	0.50
1713	0.00
1714	0.00
1715	9.70
1716	1.00
1717	9.90
1718	0.50
1719	0.00
1720	0.00
1721	0.00
1722	0.00
1723	0.00
1724	0.00
1725	0.50
1726	1.30
1727	0.80
1728	0.00
1729	0.00
1730	0.80
1731	0.00
1732	0.00
1733	0.00
1734	0.00
1735	0.00
1736	0.00
1737	0.00
1738	0.00
1739	0.00
1740	0.00
1741	0.00
1742	0.00
1743	0.00
1744	0.00
1745	0.00
1746	0.00
1747	0.00
1748	0.00
1749	0.00
1750	0.00
1751	0.00
1752	0.00
1753	5.10
1754	0.00
1755	0.00
1756	0.00
1757	0.00
1758	0.00
1759	0.00
1760	0.00
1761	0.00
1762	0.00
1763	0.00
1764	0.00
1765	0.00
1766	0.00
1767	13.70
1768	2.80
1769	0.00
1770	0.00
1771	0.00
1772	0.00
1773	0.00
1774	0.00
1775	4.30
1776	0.00
1777	0.00
1778	0.00
1779	0.00
1780	0.00
1781	0.00
1782	0.00
1783	8.10
1784	0.00
1785	0.00
1786	0.00
1787	0.00
1788	0.50
1789	0.00
1790	0.00
1791	0.00
1792	31.50
1793	0.00
1794	0.50
1795	0.00
1796	0.00
1797	0.80
1798	0.00
1799	0.00
1800	0.00
1801	0.00
1802	0.00
1803	0.00
1804	6.40
1805	20.80
1806	0.00
1807	0.00
1808	0.00
1809	1.00
1810	1.50
1811	0.00
1812	0.00
1813	0.00
1814	0.00
1815	0.00
1816	0.00
1817	0.00
1818	0.00
1819	26.70
1820	3.30
1821	0.00
1822	0.00
1823	0.00
1824	0.00
1825	0.00
1826	0.00
1827	1.80
1828	2.50
1829	0.00
1830	0.00
1831	0.00
1832	0.00
1833	0.00
1834	2.30
1835	6.90
1836	0.00
1837	0.00
1838	0.00
1839	0.00
1840	0.00
1841	0.00
1842	0.00
1843	1.00
1844	0.00
1845	0.00
1846	0.00
1847	0.00
1848	0.00
1849	0.00
1850	0.00
1851	0.00
1852	0.00
1853	0.00
1854	0.00
1855	0.00
1856	0.00
1857	0.00
1858	0.00
1859	0.00
1860	0.00
1861	0.00
1862	0.00
1863	1.80
1864	1.00
1865	0.00
1866	0.00
1867	0.00
1868	0.00
1869	0.00
1870	9.40
1871	39.40
1872	28.20
1873	21.10
1874	0.00
1875	0.00
1876	12.40
1877	9.90
1878	0.00
1879	0.00
1880	0.00
1881	0.00
1882	40.10
1883	0.00
1884	0.00
1885	0.00
1886	0.00
1887	0.00
1888	0.00
1889	0.00
1890	0.00
1891	0.00
1892	0.00
1893	0.00
1894	0.00
1895	0.00
1896	0.00
1897	0.00
1898	0.00
1899	0.00
1900	0.00
1901	5.10
1902	1.00
1903	0.00
1904	0.00
1905	0.00
1906	0.00
1907	0.00
1908	0.00
1909	0.00
1910	0.00
1911	1.30
1912	0.00
1913	0.80
1914	12.70
1915	0.00
1916	0.00
1917	0.00
1918	0.00
1919	0.00
1920	0.00
1921	1.30
1922	0.00
1923	0.00
1924	0.00
1925	0.00
1926	0.00
1927	9.40
1928	0.00
1929	0.00
1930	0.00
1931	0.00
1932	0.00
1933	0.00
1934	0.80
1935	0.00
1936	0.00
1937	0.30
1938	27.40
1939	0.00
1940	0.00
1941	0.00
1942	0.00
1943	0.00
1944	0.00
1945	0.00
1946	161.00
1947	0.00
1948	0.00
1949	0.00
1950	0.00
1951	0.00
1952	0.30
1953	6.10
1954	0.00
1955	0.00
1956	0.00
1957	0.00
1958	0.00
1959	0.00
1960	46.50
1961	5.60
1962	8.40
1963	0.30
1964	15.20
1965	0.00
1966	0.30
1967	0.00
1968	0.00
1969	29.20
1970	0.00
1971	0.00
1972	0.00
1973	0.00
1974	24.90
1975	0.00
1976	0.00
1977	2.80
1978	52.80
1979	1.30
1980	0.00
1981	0.00
1982	0.00
1983	2.50
1984	9.40
1985	1.80
1986	0.00
1987	0.30
1988	0.00
1989	0.00
1990	0.00
1991	0.00
1992	0.00
1993	0.00
1994	0.00
1995	0.00
1996	0.00
1997	0.00
1998	0.00
1999	1.00
2000	12.20
2001	26.40
2002	0.50
2003	19.10
2004	13.50
2005	0.00
2006	0.00
2007	0.00
2008	0.00
2009	0.00
2010	0.00
2011	0.00
2012	0.30
2013	0.80
2014	3.60
2015	0.00
2016	0.80
2017	0.80
2018	2.00
2019	0.00
2020	0.00
2021	0.30
2022	5.80
2023	0.00
2024	0.00
2025	0.00
2026	0.00
2027	0.00
2028	0.00
2029	10.90
2030	4.30
2031	0.00
2032	0.00
2033	0.00
2034	0.00
2035	0.30
2036	0.00
2037	0.00
2038	0.00
2039	0.00
2040	0.00
2041	0.00
2042	0.00
2043	0.00
2044	0.00
2045	0.00
2046	0.00
2047	1.50
2048	8.40
2049	6.30
2050	4.20
2051	2.10
2052	0.00
2053	0.00
2054	0.00
2055	0.00
2056	0.00
2057	0.00
2058	0.00
2059	0.00
2060	0.00
2061	0.00
2062	0.00
2063	3.60
2064	0.00
2065	0.00
2066	0.00
2067	1.50
2068	0.00
2069	0.00
2070	0.00
2071	0.00
2072	1.00
2073	0.00
2074	5.10
2075	0.00
2076	0.00
2077	0.00
2078	0.00
2079	0.00
2080	0.00
2081	0.00
2082	4.60
2083	0.00
2084	0.00
2085	0.00
2086	0.00
2087	0.00
2088	0.00
2089	0.00
2090	0.00
2091	0.00
2092	0.00
2093	0.00
2094	0.00
2095	0.30
2096	7.40
2097	1.30
2098	0.00
2099	0.30
2100	0.15
2101	0.00
2102	9.10
2103	0.00
2104	0.00
2105	0.00
2106	0.50
2107	17.00
2108	0.00
2109	0.00
2110	0.00
2111	0.00
2112	0.00
2113	0.00
2114	0.00
2115	0.00
2116	0.00
2117	0.00
2118	0.00
2119	0.00
2120	0.00
2121	0.00
2122	0.00
2123	0.00
2124	0.00
2125	0.00
2126	0.00
2127	2.80
2128	0.00
2129	0.00
2130	0.00
2131	0.00
2132	0.00
2133	0.00
2134	0.00
2135	0.30
2136	0.15
2137	0.00
2138	0.00
2139	0.00
2140	0.00
2141	0.00
2142	0.00
2143	0.00
2144	10.20
2145	0.00
2146	0.00
2147	0.80
2148	0.00
2149	0.00
2150	0.00
2151	0.00
2152	0.00
2153	0.00
2154	0.00
2155	0.00
2156	0.00
2157	0.00
2158	0.00
2159	0.00
2160	0.00
2161	0.00
2162	0.00
2163	0.00
2164	0.00
2165	0.00
2166	0.00
2167	0.00
2168	1.00
2169	0.00
2170	0.00
2171	0.00
2172	77.20
2173	8.90
2174	0.00
2175	0.00
2176	0.00
2177	0.00
2178	0.00
2179	0.00
2180	0.00
2181	0.00
2182	0.00
2183	0.00
2184	0.00
2185	2.50
2186	114.80
2187	12.20
2188	0.00
2189	0.00
2190	0.00
2191	0.00
2192	0.00
2193	0.00
2194	0.00
2195	0.00
2196	0.00
2197	0.00
2198	0.00
2199	0.00
2200	2.00
2201	0.00
2202	0.00
2203	4.80
2204	0.00
2205	0.00
2206	0.00
2207	0.00
2208	0.00
2209	0.00
2210	0.00
2211	0.00
2212	0.80
2213	0.00
2214	3.00
2215	0.00
2216	0.00
2217	6.10
2218	5.10
2219	0.00
2220	0.00
2221	0.00
2222	0.00
2223	0.00
2224	0.80
2225	0.80
2226	0.00
2227	0.00
2228	0.00
2229	0.00
2230	0.00
2231	0.00
2232	0.00
2233	0.00
2234	0.00
2235	0.30
2236	3.80
2237	1.30
2238	47.20
2239	0.00
2240	0.00
2241	0.00
2242	0.00
2243	0.00
2244	8.40
2245	0.00
2246	0.00
2247	0.00
2248	0.00
2249	0.00
2250	0.00
2251	0.00
2252	0.00
2253	0.00
2254	0.00
2255	0.00
2256	0.00
2257	0.00
2258	0.00
2259	0.00
2260	0.00
2261	0.00
2262	0.00
2263	0.80
2264	0.00
2265	0.00
2266	0.00
2267	0.00
2268	0.00
2269	0.00
2270	0.00
2271	0.00
2272	0.00
2273	0.00
2274	0.00
2275	0.00
2276	0.00
2277	0.00
2278	0.30
2279	0.00
2280	0.00
2281	0.00
2282	0.00
2283	0.00
2284	0.00
2285	0.00
2286	0.00
2287	0.00
2288	4.10
2289	0.00
2290	0.00
2291	0.00
2292	0.00
2293	0.00
2294	0.00
2295	0.00
2296	0.00
2297	0.00
2298	0.00
2299	5.30
2300	19.10
2301	18.00
2302	0.00
2303	0.00
2304	0.00
2305	0.00
2306	0.00
2307	0.00
2308	0.30
2309	0.00
2310	0.00
2311	0.00
2312	0.00
2313	0.00
2314	0.00
2315	14.00
2316	0.00
2317	0.00
2318	0.00
2319	0.00
2320	0.00
2321	0.00
2322	0.00
2323	7.10
2324	23.60
2325	1.00
2326	9.10
2327	0.00
2328	0.00
2329	0.00
2330	0.00
2331	0.00
2332	0.00
2333	0.00
2334	0.00
2335	0.00
2336	0.00
2337	0.00
2338	0.00
2339	0.00
2340	0.00
2341	0.00
2342	0.00
2343	0.30
2344	0.00
2345	0.00
2346	0.00
2347	0.00
2348	32.30
2349	25.90
2350	0.00
2351	0.00
2352	0.00
2353	0.00
2354	0.00
2355	0.00
2356	0.00
2357	0.00
2358	0.00
2359	2.80
2360	1.30
2361	0.00
2362	0.00
2363	0.00
2364	1.50
2365	2.00
2366	61.20
2367	0.00
2368	0.00
2369	0.00
2370	0.00
2371	0.00
2372	0.00
2373	0.00
2374	0.00
2375	0.00
2376	0.00
2377	0.00
2378	1.30
2379	0.00
2380	0.00
2381	0.00
2382	0.00
2383	0.00
2384	3.80
2385	1.50
2386	0.00
2387	0.30
2388	0.00
2389	0.00
2390	0.00
2391	2.50
2392	37.30
2393	18.65
2394	0.00
2395	0.00
2396	0.00
2397	0.00
2398	0.00
2399	0.00
2400	1.50
2401	2.80
2402	1.40
2403	0.00
2404	0.00
2405	20.30
2406	5.30
2407	27.90
2408	0.00
2409	0.00
2410	0.00
2411	0.00
2412	0.00
2413	0.00
2414	2.00
2415	29.70
2416	1.00
2417	0.30
2418	0.00
2419	0.30
2420	0.00
2421	0.00
2422	0.00
2423	0.00
2424	0.00
2425	0.00
2426	34.50
2427	43.20
2428	9.40
2429	0.00
2430	0.00
2431	0.00
2432	0.00
2433	0.00
2434	0.00
2435	0.00
2436	4.80
2437	0.00
2438	0.00
2439	8.90
2440	0.00
2441	0.00
2442	0.00
2443	0.00
2444	0.00
2445	0.00
2446	0.00
2447	0.00
2448	0.00
2449	0.00
2450	0.00
2451	3.80
2452	1.00
2453	0.00
2454	0.00
2455	0.00
2456	0.00
2457	0.00
2458	1.50
2459	0.80
2460	1.50
2461	0.00
2462	0.00
2463	0.50
2464	2.00
2465	2.30
2466	1.00
2467	0.50
2468	7.40
2469	0.00
2470	0.00
2471	5.30
2472	39.40
2473	50.00
2474	0.00
2475	0.50
2476	0.00
2477	0.00
2478	0.00
2479	0.00
2480	0.00
2481	3.00
2482	4.60
2483	0.30
2484	19.60
2485	0.30
2486	0.00
2487	0.00
2488	0.00
2489	3.80
2490	0.00
2491	0.00
2492	0.00
2493	0.00
2494	0.00
2495	0.00
2496	0.00
2497	0.00
2498	0.00
2499	0.50
2500	0.25
2501	0.00
2502	0.00
2503	0.00
2504	0.00
2505	0.50
2506	0.30
2507	8.10
2508	0.30
2509	0.00
2510	0.00
2511	7.40
2512	8.90
2513	10.20
2514	0.00
2515	0.00
2516	0.00
2517	0.00
2518	17.30
2519	2.00
2520	0.00
2521	12.20
2522	0.00
2523	0.00
2524	0.00
2525	0.00
2526	0.00
2527	0.00
2528	0.00
2529	0.00
2530	200.70
2531	0.00
2532	0.00
2533	1.80
2534	0.30
2535	10.90
2536	73.40
2537	9.10
2538	24.40
2539	0.30
2540	8.10
2541	3.30
2542	20.10
2543	0.30
2544	2.50
2545	6.60
2546	0.80
2547	0.30
2548	39.60
2549	0.00
2550	55.10
2551	12.70
2552	0.00
2553	16.30
2554	0.00
2555	0.00
2556	0.00
2557	0.00
2558	0.00
2559	0.00
2560	0.00
2561	0.00
2562	0.00
2563	0.00
2564	0.00
2565	0.00
2566	0.00
2567	0.00
2568	0.00
2569	0.00
2570	5.30
2571	0.80
2572	60.70
2573	0.30
2574	0.00
2575	0.00
2576	29.70
2577	0.50
2578	0.00
2579	0.00
2580	0.00
2581	0.00
2582	0.00
2583	0.00
2584	0.00
2585	0.00
2586	0.00
2587	6.40
2588	0.00
2589	0.00
2590	0.00
2591	0.00
2592	0.00
2593	0.00
2594	0.00
2595	0.00
2596	0.00
2597	0.00
2598	0.00
2599	0.00
2600	0.00
2601	0.00
2602	0.00
2603	0.00
2604	0.00
2605	0.00
2606	0.00
2607	0.00
2608	0.00
2609	0.00
2610	0.00
2611	0.00
2612	0.00
2613	0.00
2614	0.00
2615	0.00
2616	0.00
2617	0.00
2618	0.00
2619	0.00
2620	0.00
2621	0.00
2622	0.00
2623	0.00
2624	0.00
2625	0.00
2626	0.00
2627	0.00
2628	1.00
2629	3.00
2630	0.00
2631	0.00
2632	0.00
2633	0.00
2634	0.00
2635	0.00
2636	0.00
2637	0.50
2638	1.50
2639	0.00
2640	0.00
2641	0.00
2642	0.00
2643	0.00
2644	0.00
2645	0.00
2646	0.00
2647	0.00
2648	0.00
2649	0.00
2650	0.00
2651	0.00
2652	0.00
2653	1.30
2654	0.00
2655	0.00
2656	0.00
2657	0.00
2658	0.00
2659	0.00
2660	0.00
2661	0.00
2662	0.00
2663	0.00
2664	0.00
2665	0.00
2666	0.00
2667	0.00
2668	0.00
2669	0.00
2670	0.00
2671	0.00
2672	0.00
2673	0.00
2674	0.00
2675	0.00
2676	0.00
2677	0.00
2678	0.00
2679	0.00
2680	0.00
2681	0.00
2682	0.00
2683	0.00
2684	0.00
2685	0.00
2686	0.00
2687	0.00
2688	0.00
2689	0.00
2690	0.00
2691	0.00
2692	0.00
2693	0.00
2694	0.00
2695	0.00
2696	0.00
2697	0.00
2698	0.00
2699	0.30
2700	3.00
2701	74.40
2702	147.30
2703	5.10
2704	0.00
2705	0.00
2706	0.00
2707	4.80
2708	196.10
2709	0.50
2710	1.80
2711	0.00
2712	0.00
2713	0.80
2714	3.60
2715	5.60
2716	15.50
2717	0.00
2718	0.00
2719	0.00
2720	0.00
2721	0.00
2722	0.00
2723	0.00
2724	0.00
2725	16.00
2726	10.90
2727	0.00
2728	0.00
2729	0.50
2730	0.00
2731	0.00
2732	0.00
2733	0.30
2734	0.00
2735	6.10
2736	6.40
2737	2.50
2738	1.50
2739	0.00
2740	0.00
2741	0.00
2742	0.00
2743	0.00
2744	0.00
2745	0.00
2746	0.00
2747	0.00
2748	0.00
2749	0.00
2750	0.50
2751	43.20
2752	2.00
2753	0.00
2754	0.50
2755	0.00
2756	0.00
2757	0.00
2758	0.00
2759	0.00
2760	0.00
2761	0.00
2762	0.00
2763	0.00
2764	0.00
2765	3.60
2766	30.50
2767	0.00
2768	2.30
2769	0.00
2770	0.00
2771	0.50
2772	1.30
2773	0.00
2774	0.00
2775	0.50
2776	19.10
2777	0.00
2778	1.80
2779	0.00
2780	0.00
2781	0.00
2782	0.00
2783	0.00
2784	0.00
2785	0.00
2786	0.00
2787	0.00
2788	0.00
2789	0.00
2790	0.00
2791	1.00
2792	0.00
2793	0.00
2794	0.00
2795	0.00
2796	0.50
2797	0.00
2798	0.00
2799	0.00
2800	0.00
2801	0.00
2802	0.00
2803	0.00
2804	0.00
2805	0.00
2806	3.00
2807	0.00
2808	0.00
2809	0.00
2810	0.00
2811	0.00
2812	0.00
2813	0.00
2814	0.00
2815	0.30
2816	0.00
2817	0.00
2818	0.00
2819	0.00
2820	0.00
2821	0.00
2822	3.00
2823	36.80
2824	0.50
2825	0.00
2826	0.00
2827	0.00
2828	0.00
2829	0.00
2830	0.00
2831	0.00
2832	0.00
2833	0.00
2834	0.00
2835	0.00
2836	0.00
2837	0.00
2838	30.70
2839	60.20
2840	2.00
2841	1.80
2842	0.30
2843	0.00
2844	0.00
2845	0.00
2846	0.00
2847	1.00
2848	0.80
2849	0.00
2850	0.00
2851	0.00
2852	0.00
2853	7.40
2854	0.00
2855	0.00
2856	0.00
2857	0.00
2858	0.00
2859	0.00
2860	0.00
2861	2.00
2862	4.10
2863	0.00
2864	0.00
2865	0.00
2866	0.00
2867	0.00
2868	0.00
2869	0.00
2870	0.00
2871	0.00
2872	0.00
2873	43.20
2874	0.30
2875	0.00
2876	0.00
2877	3.80
2878	90.20
2879	14.00
2880	3.60
2881	25.10
2882	19.30
2883	0.00
2884	0.00
2885	0.00
2886	0.00
2887	21.60
2888	0.00
2889	0.00
2890	16.80
2891	0.00
2892	7.40
2893	0.00
2894	0.00
2895	0.00
2896	0.00
2897	0.00
2898	0.00
2899	1.30
2900	0.00
2901	11.40
2902	0.00
2903	0.00
2904	0.00
2905	36.10
2906	11.40
2907	0.50
2908	10.40
2909	0.80
2910	61.70
2911	0.00
2912	0.50
2913	0.00
2914	0.00
2915	0.00
2916	0.00
2917	19.80
2918	4.10
2919	1.50
2920	0.30
2921	4.10
2922	21.80
2923	11.90
2924	20.60
2925	26.90
2926	11.40
2927	0.00
2928	0.00
2929	0.00
2930	0.00
2931	0.00
2932	0.00
2933	0.00
2934	3.60
2935	0.00
2936	0.00
2937	0.00
2938	0.00
2939	0.00
2940	0.00
2941	0.00
2942	0.30
2943	0.00
2944	0.00
2945	0.00
2946	0.00
2947	0.00
2948	0.00
2949	0.00
2950	8.40
2951	0.00
2952	0.00
2953	0.00
2954	0.00
2955	0.00
2956	0.00
2957	0.00
2958	0.00
2959	0.00
2960	0.00
2961	0.00
2962	0.00
2963	0.00
2964	0.00
2965	0.00
2966	0.00
2967	0.00
2968	0.00
2969	0.00
2970	0.00
2971	0.00
2972	0.00
2973	0.00
2974	0.00
2975	0.00
2976	0.00
2977	0.00
2978	0.00
2979	10.20
2980	0.00
2981	0.00
2982	0.00
2983	0.00
2984	0.00
2985	0.00
2986	0.00
2987	0.00
2988	0.00
2989	0.00
2990	0.00
2991	0.00
2992	0.00
2993	0.00
2994	0.00
2995	0.00
2996	28.40
2997	41.40
2998	7.90
2999	80.50
3000	12.40
3001	53.30
3002	0.00
3003	188.00
3004	0.50
3005	6.10
3006	0.00
3007	0.00
3008	0.00
3009	0.00
3010	0.00
3011	0.00
3012	1.00
3013	1.30
3014	0.00
3015	0.00
3016	0.00
3017	0.00
3018	16.50
3019	3.30
3020	0.30
3021	0.00
3022	0.00
3023	0.00
3024	0.00
3025	0.00
3026	0.00
3027	0.00
3028	0.00
3029	0.00
3030	0.00
3031	0.00
3032	0.00
3033	0.00
3034	0.00
3035	0.00
3036	2.53
3037	5.07
3038	7.60
3039	34.50
3040	1.50
3041	0.00
3042	0.00
3043	0.00
3044	0.00
3045	0.00
3046	0.00
3047	0.00
3048	0.00
3049	0.00
3050	0.00
3051	0.00
3052	0.00
3053	0.00
3054	0.00
3055	0.00
3056	0.00
3057	22.10
3058	2.00
3059	1.78
3060	1.56
3061	1.33
3062	1.11
3063	0.89
3064	0.67
3065	0.44
3066	0.22
3067	0.00
3068	0.00
3069	0.00
3070	0.00
3071	0.00
3072	0.00
3073	0.00
3074	0.00
3075	0.00
3076	2.50
3077	1.00
3078	17.00
3079	2.50
3080	20.45
3081	38.40
3082	63.80
3083	4.30
3084	0.80
3085	0.00
3086	0.00
3087	0.00
3088	0.00
3089	0.00
3090	0.00
3091	0.00
3092	0.30
3093	0.23
3094	0.15
3095	0.08
3096	0.00
3097	20.60
3098	13.83
3099	7.07
3100	0.30
3101	0.00
3102	0.30
3103	0.20
3104	0.10
3105	0.00
3106	10.55
3107	21.10
3108	26.20
3109	17.00
3110	12.70
3111	0.30
3112	0.00
3113	0.00
3114	0.15
3115	0.30
3116	0.00
3117	0.00
3118	0.00
3119	0.00
3120	0.00
3121	0.00
3122	0.00
3123	0.00
3124	0.00
3125	0.00
3126	0.00
3127	0.00
3128	1.80
3129	0.80
3130	0.00
3131	2.30
3132	1.53
3133	0.77
3134	0.00
3135	0.00
3136	0.00
3137	17.80
3138	0.00
3139	0.00
3140	0.00
3141	0.00
3142	0.00
3143	0.00
3144	0.00
3145	0.30
3146	0.00
3147	0.00
3148	0.00
3149	0.80
3150	0.80
3151	22.60
3152	10.40
3153	21.60
3154	18.50
3155	0.50
3156	0.25
3157	0.00
3158	0.00
3159	0.00
3160	0.00
3161	0.00
3162	0.00
3163	0.00
3164	0.00
3165	0.00
3166	0.00
3167	0.00
3168	0.00
3169	0.00
3170	0.65
3171	1.30
3172	0.30
3173	0.00
3174	0.00
3175	0.00
3176	0.00
3177	0.00
3178	0.00
3179	0.00
3180	21.30
3181	0.80
3182	0.40
3183	0.00
3184	10.67
3185	21.33
3186	32.00
3187	4.10
3188	0.00
3189	0.00
3190	0.00
3191	0.00
3192	0.00
3193	0.00
3194	0.00
3195	0.00
3196	0.00
3197	0.00
3198	0.00
3199	14.00
3200	5.60
3201	0.00
3202	0.00
3203	0.30
3204	0.00
3205	0.50
3206	9.70
3207	0.50
3208	0.00
3209	0.00
3210	0.00
3211	0.00
3212	0.00
3213	0.00
3214	0.00
3215	0.00
3216	0.00
3217	0.10
3218	0.20
3219	0.30
3220	0.00
3221	0.00
3222	0.00
3223	42.70
3224	0.00
3225	0.00
3226	0.50
3227	1.00
3228	6.60
3229	0.00
3230	0.00
3231	0.00
3232	0.00
3233	0.00
3234	0.00
3235	0.00
3236	3.60
3237	52.80
3238	0.30
3239	0.23
3240	0.15
3241	0.08
3242	0.00
3243	3.80
3244	7.40
3245	5.53
3246	3.67
3247	1.80
3248	0.90
3249	0.00
3250	0.00
3251	0.00
3252	0.00
3253	0.00
3254	0.00
3255	7.40
3256	0.00
3257	0.00
3258	0.00
3259	0.00
3260	0.00
3261	0.00
3262	0.00
3263	0.00
3264	0.00
3265	1.30
3266	0.00
3267	18.00
3268	12.00
3269	6.00
3270	0.00
3271	0.00
3272	0.00
3273	1.30
3274	6.85
3275	12.40
3276	6.90
3277	18.30
3278	11.90
3279	4.80
3280	0.00
3281	0.00
3282	10.40
3283	20.80
3284	31.20
3285	0.00
3286	0.00
3287	0.00
3288	0.25
3289	0.50
3290	0.50
3291	0.80
3292	0.30
3293	0.00
3294	0.00
3295	0.00
3296	0.00
3297	0.00
3298	0.00
3299	0.00
3300	0.00
3301	0.00
3302	0.00
3303	0.00
3304	0.00
3305	0.00
3306	0.00
3307	0.00
3308	0.00
3309	0.00
3310	0.00
3311	0.00
3312	0.00
3313	0.50
3314	0.00
3315	0.00
3316	0.00
3317	0.00
3318	0.00
3319	0.00
3320	0.00
3321	0.00
3322	0.00
3323	0.00
3324	1.27
3325	2.53
3326	3.80
3327	0.00
3328	0.00
3329	0.00
3330	2.53
3331	5.07
3332	7.60
3333	0.00
3334	0.00
3335	0.00
3336	0.00
3337	0.00
3338	0.00
3339	0.00
3340	33.30
3341	0.00
3342	0.00
3343	0.00
3344	0.00
3345	0.00
3346	0.00
3347	0.00
3348	0.00
3349	0.00
3350	4.30
3351	0.50
3352	2.80
3353	39.75
3354	76.70
3355	20.80
3356	0.00
3357	0.00
3358	0.00
3359	0.00
3360	0.00
3361	0.00
3362	0.00
3363	0.00
3364	0.00
3365	0.00
3366	0.00
3367	0.00
3368	0.00
3369	0.00
3370	0.00
3371	0.00
3372	19.20
3373	38.40
3374	153.20
3375	69.90
3376	3.80
3377	0.00
3378	0.00
3379	0.00
3380	0.00
3381	0.00
3382	0.00
3383	0.00
3384	0.00
3385	0.00
3386	0.00
3387	0.00
3388	0.00
3389	0.00
3390	0.00
3391	0.00
3392	0.00
3393	0.00
3394	0.00
3395	0.00
3396	0.00
3397	0.00
3398	0.00
3399	0.00
3400	0.00
3401	0.00
3402	0.00
3403	0.00
3404	1.00
3405	3.00
3406	0.50
3407	55.60
3408	37.07
3409	18.53
3410	0.00
3411	0.00
3412	32.50
3413	0.00
3414	0.00
3415	0.00
3416	0.00
3417	0.00
3418	0.00
3419	0.00
3420	0.00
3421	0.00
3422	0.00
3423	0.00
3424	0.00
3425	0.00
3426	0.00
3427	0.00
3428	0.00
3429	12.95
3430	25.90
3431	0.50
3432	0.00
3433	0.00
3434	0.00
3435	0.00
3436	0.00
3437	0.00
3438	0.00
3439	0.00
3440	23.40
3441	0.30
3442	0.00
3443	0.00
3444	0.00
3445	0.00
3446	0.00
3447	0.00
3448	4.60
3449	4.22
3450	3.83
3451	3.45
3452	3.07
3453	2.68
3454	2.30
3455	1.92
3456	1.53
3457	1.15
3458	0.77
3459	0.38
3460	0.00
3461	0.00
3462	0.00
3463	0.00
3464	0.00
3465	0.00
3466	0.00
3467	0.00
3468	0.00
3469	0.00
3470	0.00
3471	0.17
3472	0.33
3473	0.50
3474	0.30
3475	7.60
3476	17.30
3477	4.60
3478	3.07
3479	1.53
3480	0.00
3481	0.00
3482	0.00
3483	0.00
3484	0.00
3485	0.00
3486	24.40
3487	0.30
3488	12.40
3489	3.60
3490	0.00
3491	0.00
3492	0.50
3493	0.50
3494	0.50
3495	0.50
3496	2.30
3497	0.30
3498	0.00
3499	0.30
3500	0.00
3501	0.00
3502	0.00
3503	0.00
3504	0.00
3505	0.00
3506	0.00
3507	0.00
3508	0.00
3509	0.00
3510	0.00
3511	0.80
3512	0.00
3513	0.00
3514	0.00
3515	0.00
3516	10.20
3517	5.10
3518	0.00
3519	0.90
3520	1.80
3521	0.90
3522	0.00
3523	0.00
3524	0.00
3525	0.00
3526	0.00
3527	0.00
3528	0.00
3529	0.00
3530	0.00
3531	0.00
3532	0.00
3533	0.00
3534	0.80
3535	0.50
3536	0.00
3537	0.30
3538	3.00
3539	3.30
3540	0.30
3541	1.30
3542	0.50
3543	0.00
3544	1.80
3545	1.30
3546	0.30
3547	0.00
3548	0.00
3549	1.30
3550	0.00
3551	0.00
3552	7.60
3553	7.10
3554	2.00
3555	3.60
3556	0.30
3557	12.40
3558	0.50
3559	0.50
3560	1.30
3561	1.37
3562	1.43
3563	1.50
3564	0.30
3565	0.00
3566	0.00
3567	0.00
3568	0.00
3569	0.00
3570	0.00
3571	0.00
3572	0.00
3573	0.00
3574	0.00
3575	0.00
3576	0.00
3577	0.80
3578	24.60
3579	0.00
3580	0.00
3581	0.00
3582	0.00
3583	0.00
3584	0.00
3585	0.00
3586	0.00
3587	77.20
3588	48.30
3589	0.00
3590	0.00
3591	0.00
3592	0.30
3593	0.00
3594	0.00
3595	0.00
3596	9.90
3597	19.80
3598	0.50
3599	0.00
3600	0.00
3601	0.00
3602	0.00
3603	0.00
3604	15.00
3605	0.00
3606	0.00
3607	0.00
3608	0.00
3609	0.00
3610	0.00
3611	0.00
3612	0.00
3613	0.00
3614	0.00
3615	0.00
3616	0.50
3617	0.00
3618	0.00
3619	0.00
3620	0.00
3621	0.00
3622	0.30
3623	0.00
3624	0.00
3625	21.80
3626	0.00
3627	0.00
3628	0.00
3629	0.00
3630	0.00
3631	0.00
3632	0.00
3633	0.00
3634	0.00
3635	0.00
3636	0.00
3637	0.00
3638	0.00
3639	0.00
3640	0.00
3641	4.60
3642	42.40
3643	0.00
3644	0.00
3645	0.00
3646	0.00
3647	0.00
3648	0.00
3649	0.00
3650	0.00
3651	0.00