TIME_UNITS day
DATA_UNITS m
0	0	0	4.46
1	0	0	4.46
2	0	0	4.46
3	0	0	4.46
4	0	0	4.46
5	0	0	4.46
6	0	0	4.46
7	0	0	4.46
8	0	0	4.46
9	0	0	4.46
10	0	0	4.46
11	0	0	4.46
12	0	0	4.46
13	0	0	4.46
14	0	0	4.46
15	0	0	4.46
16	0	0	4.46
17	0	0	4.46
18	0	0	4.46
19	0	0	4.46
20	0	0	4.46
21	0	0	4.46
22	0	0	4.46
23	0	0	4.46
24	0	0	4.46
25	0	0	4.46
26	0	0	4.46
27	0	0	4.46
28	0	0	4.46
29	0	0	4.46
30	0	0	5.16
31	0	0	5.16
32	0	0	5.16
33	0	0	5.16
34	0	0	5.16
35	0	0	5.16
36	0	0	5.16
37	0	0	5.16
38	0	0	5.16
39	0	0	5.16
40	0	0	5.16
41	0	0	5.16
42	0	0	5.16
43	0	0	5.16
44	0	0	5.16
45	0	0	5.16
46	0	0	5.16
47	0	0	5.16
48	0	0	5.16
49	0	0	5.16
50	0	0	5.16
51	0	0	5.16
52	0	0	5.16
53	0	0	5.16
54	0	0	5.16
55	0	0	5.16
56	0	0	5.16
57	0	0	5.16
58	0	0	5.16
59	0	0	5.16
60	0	0	5.16
61	0	0	4.85
62	0	0	4.85
63	0	0	4.85
64	0	0	4.85
65	0	0	4.85
66	0	0	4.85
67	0	0	4.85
68	0	0	4.85
69	0	0	4.85
70	0	0	4.85
71	0	0	4.85
72	0	0	4.85
73	0	0	4.85
74	0	0	4.85
75	0	0	4.85
76	0	0	4.85
77	0	0	4.85
78	0	0	4.85
79	0	0	4.85
80	0	0	4.85
81	0	0	4.85
82	0	0	4.85
83	0	0	4.85
84	0	0	4.85
85	0	0	4.85
86	0	0	4.85
87	0	0	4.85
88	0	0	4.85
89	0	0	4.85
90	0	0	4.85
91	0	0	4.85
92	0	0	4.35
93	0	0	4.35
94	0	0	4.35
95	0	0	4.35
96	0	0	4.35
97	0	0	4.35
98	0	0	4.35
99	0	0	4.35
100	0	0	4.35
101	0	0	4.35
102	0	0	4.35
103	0	0	4.35
104	0	0	4.35
105	0	0	4.35
106	0	0	4.35
107	0	0	4.35
108	0	0	4.35
109	0	0	4.35
110	0	0	4.35
111	0	0	4.35
112	0	0	4.35
113	0	0	4.35
114	0	0	4.35
115	0	0	4.35
116	0	0	4.35
117	0	0	4.35
118	0	0	4.35
119	0	0	4.35
120	0	0	4.35
121	0	0	4.35
122	0	0	4.13
123	0	0	4.13
124	0	0	4.13
125	0	0	4.13
126	0	0	4.13
127	0	0	4.13
128	0	0	4.13
129	0	0	4.13
130	0	0	4.13
131	0	0	4.13
132	0	0	4.13
133	0	0	4.13
134	0	0	4.13
135	0	0	4.13
136	0	0	4.13
137	0	0	4.13
138	0	0	4.13
139	0	0	4.13
140	0	0	4.13
141	0	0	4.13
142	0	0	4.13
143	0	0	4.13
144	0	0	4.13
145	0	0	4.13
146	0	0	4.13
147	0	0	4.13
148	0	0	4.13
149	0	0	4.13
150	0	0	4.13
151	0	0	4.13
152	0	0	4.13
153	0	0	4.06
154	0	0	4.06
155	0	0	4.06
156	0	0	4.06
157	0	0	4.06
158	0	0	4.06
159	0	0	4.06
160	0	0	4.06
161	0	0	4.06
162	0	0	4.06
163	0	0	4.06
164	0	0	4.06
165	0	0	4.06
166	0	0	4.06
167	0	0	4.06
168	0	0	4.06
169	0	0	4.06
170	0	0	4.06
171	0	0	4.06
172	0	0	4.06
173	0	0	4.06
174	0	0	4.06
175	0	0	4.06
176	0	0	4.06
177	0	0	4.06
178	0	0	4.06
179	0	0	4.06
180	0	0	4.06
181	0	0	4.06
182	0	0	4.06
183	0	0	4.12
184	0	0	4.12
185	0	0	4.12
186	0	0	4.12
187	0	0	4.12
188	0	0	4.12
189	0	0	4.12
190	0	0	4.12
191	0	0	4.12
192	0	0	4.12
193	0	0	4.12
194	0	0	4.12
195	0	0	4.12
196	0	0	4.12
197	0	0	4.12
198	0	0	4.12
199	0	0	4.12
200	0	0	4.12
201	0	0	4.12
202	0	0	4.12
203	0	0	4.12
204	0	0	4.12
205	0	0	4.12
206	0	0	4.12
207	0	0	4.12
208	0	0	4.12
209	0	0	4.12
210	0	0	4.12
211	0	0	4.12
212	0	0	4.12
213	0	0	4.12
214	0	0	4.07
215	0	0	4.07
216	0	0	4.07
217	0	0	4.07
218	0	0	4.07
219	0	0	4.07
220	0	0	4.07
221	0	0	4.07
222	0	0	4.07
223	0	0	4.07
224	0	0	4.07
225	0	0	4.07
226	0	0	4.07
227	0	0	4.07
228	0	0	4.07
229	0	0	4.07
230	0	0	4.07
231	0	0	4.07
232	0	0	4.07
233	0	0	4.07
234	0	0	4.07
235	0	0	4.07
236	0	0	4.07
237	0	0	4.07
238	0	0	4.07
239	0	0	4.07
240	0	0	4.07
241	0	0	4.07
242	0	0	4.07
243	0	0	4.07
244	0	0	4.07
245	0	0	4.22
246	0	0	4.22
247	0	0	4.22
248	0	0	4.22
249	0	0	4.22
250	0	0	4.22
251	0	0	4.22
252	0	0	4.22
253	0	0	4.22
254	0	0	4.22
255	0	0	4.22
256	0	0	4.22
257	0	0	4.22
258	0	0	4.22
259	0	0	4.22
260	0	0	4.22
261	0	0	4.22
262	0	0	4.22
263	0	0	4.22
264	0	0	4.22
265	0	0	4.22
266	0	0	4.22
267	0	0	4.22
268	0	0	4.22
269	0	0	4.22
270	0	0	4.22
271	0	0	4.22
272	0	0	4.22
273	0	0	4.17
274	0	0	4.17
275	0	0	4.17
276	0	0	4.17
277	0	0	4.17
278	0	0	4.17
279	0	0	4.17
280	0	0	4.17
281	0	0	4.17
282	0	0	4.17
283	0	0	4.17
284	0	0	4.17
285	0	0	4.17
286	0	0	4.17
287	0	0	4.17
288	0	0	4.17
289	0	0	4.17
290	0	0	4.17
291	0	0	4.17
292	0	0	4.17
293	0	0	4.17
294	0	0	4.17
295	0	0	4.17
296	0	0	4.17
297	0	0	4.17
298	0	0	4.17
299	0	0	4.17
300	0	0	4.17
301	0	0	4.17
302	0	0	4.17
303	0	0	4.17
304	0	0	4.17
305	0	0	4.17
306	0	0	4.17
307	0	0	4.17
308	0	0	4.17
309	0	0	4.17
310	0	0	4.17
311	0	0	4.17
312	0	0	4.17
313	0	0	4.17
314	0	0	4.17
315	0	0	4.17
316	0	0	4.17
317	0	0	4.17
318	0	0	4.17
319	0	0	4.17
320	0	0	4.17
321	0	0	4.17
322	0	0	4.17
323	0	0	4.17
324	0	0	4.17
325	0	0	4.17
326	0	0	4.17
327	0	0	4.17
328	0	0	4.17
329	0	0	4.17
330	0	0	4.17
331	0	0	4.17
332	0	0	4.17
333	0	0	4.17
334	0	0	4.46
335	0	0	4.46
336	0	0	4.46
337	0	0	4.46
338	0	0	4.46
339	0	0	4.46
340	0	0	4.46
341	0	0	4.46
342	0	0	4.46
343	0	0	4.46
344	0	0	4.46
345	0	0	4.46
346	0	0	4.46
347	0	0	4.46
348	0	0	4.46
349	0	0	4.46
350	0	0	4.46
351	0	0	4.46
352	0	0	4.46
353	0	0	4.46
354	0	0	4.46
355	0	0	4.46
356	0	0	4.46
357	0	0	4.46
358	0	0	4.46
359	0	0	4.46
360	0	0	4.46
361	0	0	4.46
362	0	0	4.46
363	0	0	4.46
364	0	0	4.46
365	0	0	4.46
366	0	0	4.46
367	0	0	4.46
368	0	0	4.46
369	0	0	4.46
370	0	0	4.46
371	0	0	4.46
372	0	0	4.46
373	0	0	4.46
374	0	0	4.46
375	0	0	4.46
376	0	0	4.46
377	0	0	4.46
378	0	0	4.46
379	0	0	4.46
380	0	0	4.46
381	0	0	4.46
382	0	0	4.46
383	0	0	4.46
384	0	0	4.46
385	0	0	4.46
386	0	0	4.46
387	0	0	4.46
388	0	0	4.46
389	0	0	4.46
390	0	0	4.46
391	0	0	4.46
392	0	0	4.46
393	0	0	4.46
394	0	0	4.46
395	0	0	5.16
396	0	0	5.16
397	0	0	5.16
398	0	0	5.16
399	0	0	5.16
400	0	0	5.16
401	0	0	5.16
402	0	0	5.16
403	0	0	5.16
404	0	0	5.16
405	0	0	5.16
406	0	0	5.16
407	0	0	5.16
408	0	0	5.16
409	0	0	5.16
410	0	0	5.16
411	0	0	5.16
412	0	0	5.16
413	0	0	5.16
414	0	0	5.16
415	0	0	5.16
416	0	0	5.16
417	0	0	5.16
418	0	0	5.16
419	0	0	5.16
420	0	0	5.16
421	0	0	5.16
422	0	0	5.16
423	0	0	5.16
424	0	0	5.16
425	0	0	5.16
426	0	0	4.85
427	0	0	4.85
428	0	0	4.85
429	0	0	4.85
430	0	0	4.85
431	0	0	4.85
432	0	0	4.85
433	0	0	4.85
434	0	0	4.85
435	0	0	4.85
436	0	0	4.85
437	0	0	4.85
438	0	0	4.85
439	0	0	4.85
440	0	0	4.85
441	0	0	4.85
442	0	0	4.85
443	0	0	4.85
444	0	0	4.85
445	0	0	4.85
446	0	0	4.85
447	0	0	4.85
448	0	0	4.85
449	0	0	4.85
450	0	0	4.85
451	0	0	4.85
452	0	0	4.85
453	0	0	4.85
454	0	0	4.85
455	0	0	4.85
456	0	0	4.85
457	0	0	4.35
458	0	0	4.35
459	0	0	4.35
460	0	0	4.35
461	0	0	4.35
462	0	0	4.35
463	0	0	4.35
464	0	0	4.35
465	0	0	4.35
466	0	0	4.35
467	0	0	4.35
468	0	0	4.35
469	0	0	4.35
470	0	0	4.35
471	0	0	4.35
472	0	0	4.35
473	0	0	4.35
474	0	0	4.35
475	0	0	4.35
476	0	0	4.35
477	0	0	4.35
478	0	0	4.35
479	0	0	4.35
480	0	0	4.35
481	0	0	4.35
482	0	0	4.35
483	0	0	4.35
484	0	0	4.35
485	0	0	4.35
486	0	0	4.35
487	0	0	4.13
488	0	0	4.13
489	0	0	4.13
490	0	0	4.13
491	0	0	4.13
492	0	0	4.13
493	0	0	4.13
494	0	0	4.13
495	0	0	4.13
496	0	0	4.13
497	0	0	4.13
498	0	0	4.13
499	0	0	4.13
500	0	0	4.13
501	0	0	4.13
502	0	0	4.13
503	0	0	4.13
504	0	0	4.13
505	0	0	4.13
506	0	0	4.13
507	0	0	4.13
508	0	0	4.13
509	0	0	4.13
510	0	0	4.13
511	0	0	4.13
512	0	0	4.13
513	0	0	4.13
514	0	0	4.13
515	0	0	4.13
516	0	0	4.13
517	0	0	4.13
518	0	0	4.06
519	0	0	4.06
520	0	0	4.06
521	0	0	4.06
522	0	0	4.06
523	0	0	4.06
524	0	0	4.06
525	0	0	4.06
526	0	0	4.06
527	0	0	4.06
528	0	0	4.06
529	0	0	4.06
530	0	0	4.06
531	0	0	4.06
532	0	0	4.06
533	0	0	4.06
534	0	0	4.06
535	0	0	4.06
536	0	0	4.06
537	0	0	4.06
538	0	0	4.06
539	0	0	4.06
540	0	0	4.06
541	0	0	4.06
542	0	0	4.06
543	0	0	4.06
544	0	0	4.06
545	0	0	4.06
546	0	0	4.06
547	0	0	4.06
548	0	0	4.12
549	0	0	4.12
550	0	0	4.12
551	0	0	4.12
552	0	0	4.12
553	0	0	4.12
554	0	0	4.12
555	0	0	4.12
556	0	0	4.12
557	0	0	4.12
558	0	0	4.12
559	0	0	4.12
560	0	0	4.12
561	0	0	4.12
562	0	0	4.12
563	0	0	4.12
564	0	0	4.12
565	0	0	4.12
566	0	0	4.12
567	0	0	4.12
568	0	0	4.12
569	0	0	4.12
570	0	0	4.12
571	0	0	4.12
572	0	0	4.12
573	0	0	4.12
574	0	0	4.12
575	0	0	4.12
576	0	0	4.12
577	0	0	4.12
578	0	0	4.12
579	0	0	4.07
580	0	0	4.07
581	0	0	4.07
582	0	0	4.07
583	0	0	4.07
584	0	0	4.07
585	0	0	4.07
586	0	0	4.07
587	0	0	4.07
588	0	0	4.07
589	0	0	4.07
590	0	0	4.07
591	0	0	4.07
592	0	0	4.07
593	0	0	4.07
594	0	0	4.07
595	0	0	4.07
596	0	0	4.07
597	0	0	4.07
598	0	0	4.07
599	0	0	4.07
600	0	0	4.07
601	0	0	4.07
602	0	0	4.07
603	0	0	4.07
604	0	0	4.07
605	0	0	4.07
606	0	0	4.07
607	0	0	4.07
608	0	0	4.07
609	0	0	4.07
610	0	0	4.22
611	0	0	4.22
612	0	0	4.22
613	0	0	4.22
614	0	0	4.22
615	0	0	4.22
616	0	0	4.22
617	0	0	4.22
618	0	0	4.22
619	0	0	4.22
620	0	0	4.22
621	0	0	4.22
622	0	0	4.22
623	0	0	4.22
624	0	0	4.22
625	0	0	4.22
626	0	0	4.22
627	0	0	4.22
628	0	0	4.22
629	0	0	4.22
630	0	0	4.22
631	0	0	4.22
632	0	0	4.22
633	0	0	4.22
634	0	0	4.22
635	0	0	4.22
636	0	0	4.22
637	0	0	4.22
638	0	0	4.17
639	0	0	4.17
640	0	0	4.17
641	0	0	4.17
642	0	0	4.17
643	0	0	4.17
644	0	0	4.17
645	0	0	4.17
646	0	0	4.17
647	0	0	4.17
648	0	0	4.17
649	0	0	4.17
650	0	0	4.17
651	0	0	4.17
652	0	0	4.17
653	0	0	4.17
654	0	0	4.17
655	0	0	4.17
656	0	0	4.17
657	0	0	4.17
658	0	0	4.17
659	0	0	4.17
660	0	0	4.17
661	0	0	4.17
662	0	0	4.17
663	0	0	4.17
664	0	0	4.17
665	0	0	4.17
666	0	0	4.17
667	0	0	4.17
668	0	0	4.17
669	0	0	4.17
670	0	0	4.17
671	0	0	4.17
672	0	0	4.17
673	0	0	4.17
674	0	0	4.17
675	0	0	4.17
676	0	0	4.17
677	0	0	4.17
678	0	0	4.17
679	0	0	4.17
680	0	0	4.17
681	0	0	4.17
682	0	0	4.17
683	0	0	4.17
684	0	0	4.17
685	0	0	4.17
686	0	0	4.17
687	0	0	4.17
688	0	0	4.17
689	0	0	4.17
690	0	0	4.17
691	0	0	4.17
692	0	0	4.17
693	0	0	4.17
694	0	0	4.17
695	0	0	4.17
696	0	0	4.17
697	0	0	4.17
698	0	0	4.17
699	0	0	4.46
700	0	0	4.46
701	0	0	4.46
702	0	0	4.46
703	0	0	4.46
704	0	0	4.46
705	0	0	4.46
706	0	0	4.46
707	0	0	4.46
708	0	0	4.46
709	0	0	4.46
710	0	0	4.46
711	0	0	4.46
712	0	0	4.46
713	0	0	4.46
714	0	0	4.46
715	0	0	4.46
716	0	0	4.46
717	0	0	4.46
718	0	0	4.46
719	0	0	4.46
720	0	0	4.46
721	0	0	4.46
722	0	0	4.46
723	0	0	4.46
724	0	0	4.46
725	0	0	4.46
726	0	0	4.46
727	0	0	4.46
728	0	0	4.46
729	0	0	4.46
730	0	0	4.46
731	0	0	4.46
732	0	0	4.46
733	0	0	4.46
734	0	0	4.46
735	0	0	4.46
736	0	0	4.46
737	0	0	4.46
738	0	0	4.46
739	0	0	4.46
740	0	0	4.46
741	0	0	4.46
742	0	0	4.46
743	0	0	4.46
744	0	0	4.46
745	0	0	4.46
746	0	0	4.46
747	0	0	4.46
748	0	0	4.46
749	0	0	4.46
750	0	0	4.46
751	0	0	4.46
752	0	0	4.46
753	0	0	4.46
754	0	0	4.46
755	0	0	4.46
756	0	0	4.46
757	0	0	4.46
758	0	0	4.46
759	0	0	4.46
760	0	0	5.16
761	0	0	5.16
762	0	0	5.16
763	0	0	5.16
764	0	0	5.16
765	0	0	5.16
766	0	0	5.16
767	0	0	5.16
768	0	0	5.16
769	0	0	5.16
770	0	0	5.16
771	0	0	5.16
772	0	0	5.16
773	0	0	5.16
774	0	0	5.16
775	0	0	5.16
776	0	0	5.16
777	0	0	5.16
778	0	0	5.16
779	0	0	5.16
780	0	0	5.16
781	0	0	5.16
782	0	0	5.16
783	0	0	5.16
784	0	0	5.16
785	0	0	5.16
786	0	0	5.16
787	0	0	5.16
788	0	0	5.16
789	0	0	5.16
790	0	0	5.16
791	0	0	4.85
792	0	0	4.85
793	0	0	4.85
794	0	0	4.85
795	0	0	4.85
796	0	0	4.85
797	0	0	4.85
798	0	0	4.85
799	0	0	4.85
800	0	0	4.85
801	0	0	4.85
802	0	0	4.85
803	0	0	4.85
804	0	0	4.85
805	0	0	4.85
806	0	0	4.85
807	0	0	4.85
808	0	0	4.85
809	0	0	4.85
810	0	0	4.85
811	0	0	4.85
812	0	0	4.85
813	0	0	4.85
814	0	0	4.85
815	0	0	4.85
816	0	0	4.85
817	0	0	4.85
818	0	0	4.85
819	0	0	4.85
820	0	0	4.85
821	0	0	4.85
822	0	0	4.35
823	0	0	4.35
824	0	0	4.35
825	0	0	4.35
826	0	0	4.35
827	0	0	4.35
828	0	0	4.35
829	0	0	4.35
830	0	0	4.35
831	0	0	4.35
832	0	0	4.35
833	0	0	4.35
834	0	0	4.35
835	0	0	4.35
836	0	0	4.35
837	0	0	4.35
838	0	0	4.35
839	0	0	4.35
840	0	0	4.35
841	0	0	4.35
842	0	0	4.35
843	0	0	4.35
844	0	0	4.35
845	0	0	4.35
846	0	0	4.35
847	0	0	4.35
848	0	0	4.35
849	0	0	4.35
850	0	0	4.35
851	0	0	4.35
852	0	0	4.13
853	0	0	4.13
854	0	0	4.13
855	0	0	4.13
856	0	0	4.13
857	0	0	4.13
858	0	0	4.13
859	0	0	4.13
860	0	0	4.13
861	0	0	4.13
862	0	0	4.13
863	0	0	4.13
864	0	0	4.13
865	0	0	4.13
866	0	0	4.13
867	0	0	4.13
868	0	0	4.13
869	0	0	4.13
870	0	0	4.13
871	0	0	4.13
872	0	0	4.13
873	0	0	4.13
874	0	0	4.13
875	0	0	4.13
876	0	0	4.13
877	0	0	4.13
878	0	0	4.13
879	0	0	4.13
880	0	0	4.13
881	0	0	4.13
882	0	0	4.13
883	0	0	4.06
884	0	0	4.06
885	0	0	4.06
886	0	0	4.06
887	0	0	4.06
888	0	0	4.06
889	0	0	4.06
890	0	0	4.06
891	0	0	4.06
892	0	0	4.06
893	0	0	4.06
894	0	0	4.06
895	0	0	4.06
896	0	0	4.06
897	0	0	4.06
898	0	0	4.06
899	0	0	4.06
900	0	0	4.06
901	0	0	4.06
902	0	0	4.06
903	0	0	4.06
904	0	0	4.06
905	0	0	4.06
906	0	0	4.06
907	0	0	4.06
908	0	0	4.06
909	0	0	4.06
910	0	0	4.06
911	0	0	4.06
912	0	0	4.06
913	0	0	4.12
914	0	0	4.12
915	0	0	4.12
916	0	0	4.12
917	0	0	4.12
918	0	0	4.12
919	0	0	4.12
920	0	0	4.12
921	0	0	4.12
922	0	0	4.12
923	0	0	4.12
924	0	0	4.12
925	0	0	4.12
926	0	0	4.12
927	0	0	4.12
928	0	0	4.12
929	0	0	4.12
930	0	0	4.12
931	0	0	4.12
932	0	0	4.12
933	0	0	4.12
934	0	0	4.12
935	0	0	4.12
936	0	0	4.12
937	0	0	4.12
938	0	0	4.12
939	0	0	4.12
940	0	0	4.12
941	0	0	4.12
942	0	0	4.12
943	0	0	4.12
944	0	0	4.07
945	0	0	4.07
946	0	0	4.07
947	0	0	4.07
948	0	0	4.07
949	0	0	4.07
950	0	0	4.07
951	0	0	4.07
952	0	0	4.07
953	0	0	4.07
954	0	0	4.07
955	0	0	4.07
956	0	0	4.07
957	0	0	4.07
958	0	0	4.07
959	0	0	4.07
960	0	0	4.07
961	0	0	4.07
962	0	0	4.07
963	0	0	4.07
964	0	0	4.07
965	0	0	4.07
966	0	0	4.07
967	0	0	4.07
968	0	0	4.07
969	0	0	4.07
970	0	0	4.07
971	0	0	4.07
972	0	0	4.07
973	0	0	4.07
974	0	0	4.07
975	0	0	4.22
976	0	0	4.22
977	0	0	4.22
978	0	0	4.22
979	0	0	4.22
980	0	0	4.22
981	0	0	4.22
982	0	0	4.22
983	0	0	4.22
984	0	0	4.22
985	0	0	4.22
986	0	0	4.22
987	0	0	4.22
988	0	0	4.22
989	0	0	4.22
990	0	0	4.22
991	0	0	4.22
992	0	0	4.22
993	0	0	4.22
994	0	0	4.22
995	0	0	4.22
996	0	0	4.22
997	0	0	4.22
998	0	0	4.22
999	0	0	4.22
1000	0	0	4.22
1001	0	0	4.22
1002	0	0	4.22
1003	0	0	4.17
1004	0	0	4.17
1005	0	0	4.17
1006	0	0	4.17
1007	0	0	4.17
1008	0	0	4.17
1009	0	0	4.17
1010	0	0	4.17
1011	0	0	4.17
1012	0	0	4.17
1013	0	0	4.17
1014	0	0	4.17
1015	0	0	4.17
1016	0	0	4.17
1017	0	0	4.17
1018	0	0	4.17
1019	0	0	4.17
1020	0	0	4.17
1021	0	0	4.17
1022	0	0	4.17
1023	0	0	4.17
1024	0	0	4.17
1025	0	0	4.17
1026	0	0	4.17
1027	0	0	4.17
1028	0	0	4.17
1029	0	0	4.17
1030	0	0	4.17
1031	0	0	4.17
1032	0	0	4.17
1033	0	0	4.17
1034	0	0	4.17
1035	0	0	4.17
1036	0	0	4.17
1037	0	0	4.17
1038	0	0	4.17
1039	0	0	4.17
1040	0	0	4.17
1041	0	0	4.17
1042	0	0	4.17
1043	0	0	4.17
1044	0	0	4.17
1045	0	0	4.17
1046	0	0	4.17
1047	0	0	4.17
1048	0	0	4.17
1049	0	0	4.17
1050	0	0	4.17
1051	0	0	4.17
1052	0	0	4.17
1053	0	0	4.17
1054	0	0	4.17
1055	0	0	4.17
1056	0	0	4.17
1057	0	0	4.17
1058	0	0	4.17
1059	0	0	4.17
1060	0	0	4.17
1061	0	0	4.17
1062	0	0	4.17
1063	0	0	4.17
1064	0	0	4.46
1065	0	0	4.46
1066	0	0	4.46
1067	0	0	4.46
1068	0	0	4.46
1069	0	0	4.46
1070	0	0	4.46
1071	0	0	4.46
1072	0	0	4.46
1073	0	0	4.46
1074	0	0	4.46
1075	0	0	4.46
1076	0	0	4.46
1077	0	0	4.46
1078	0	0	4.46
1079	0	0	4.46
1080	0	0	4.46
1081	0	0	4.46
1082	0	0	4.46
1083	0	0	4.46
1084	0	0	4.46
1085	0	0	4.46
1086	0	0	4.46
1087	0	0	4.46
1088	0	0	4.46
1089	0	0	4.46
1090	0	0	4.46
1091	0	0	4.46
1092	0	0	4.46
1093	0	0	4.46
1094	0	0	4.46
1095	0	0	4.46
1096	0	0	4.46
1097	0	0	4.46
1098	0	0	4.46
1099	0	0	4.46
1100	0	0	4.46
1101	0	0	4.46
1102	0	0	4.46
1103	0	0	4.46
1104	0	0	4.46
1105	0	0	4.46
1106	0	0	4.46
1107	0	0	4.46
1108	0	0	4.46
1109	0	0	4.46
1110	0	0	4.46
1111	0	0	4.46
1112	0	0	4.46
1113	0	0	4.46
1114	0	0	4.46
1115	0	0	4.46
1116	0	0	4.46
1117	0	0	4.46
1118	0	0	4.46
1119	0	0	4.46
1120	0	0	4.46
1121	0	0	4.46
1122	0	0	4.46
1123	0	0	4.46
1124	0	0	4.46
1125	0	0	5.16
1126	0	0	5.16
1127	0	0	5.16
1128	0	0	5.16
1129	0	0	5.16
1130	0	0	5.16
1131	0	0	5.16
1132	0	0	5.16
1133	0	0	5.16
1134	0	0	5.16
1135	0	0	5.16
1136	0	0	5.16
1137	0	0	5.16
1138	0	0	5.16
1139	0	0	5.16
1140	0	0	5.16
1141	0	0	5.16
1142	0	0	5.16
1143	0	0	5.16
1144	0	0	5.16
1145	0	0	5.16
1146	0	0	5.16
1147	0	0	5.16
1148	0	0	5.16
1149	0	0	5.16
1150	0	0	5.16
1151	0	0	5.16
1152	0	0	5.16
1153	0	0	5.16
1154	0	0	5.16
1155	0	0	5.16
1156	0	0	4.85
1157	0	0	4.85
1158	0	0	4.85
1159	0	0	4.85
1160	0	0	4.85
1161	0	0	4.85
1162	0	0	4.85
1163	0	0	4.85
1164	0	0	4.85
1165	0	0	4.85
1166	0	0	4.85
1167	0	0	4.85
1168	0	0	4.85
1169	0	0	4.85
1170	0	0	4.85
1171	0	0	4.85
1172	0	0	4.85
1173	0	0	4.85
1174	0	0	4.85
1175	0	0	4.85
1176	0	0	4.85
1177	0	0	4.85
1178	0	0	4.85
1179	0	0	4.85
1180	0	0	4.85
1181	0	0	4.85
1182	0	0	4.85
1183	0	0	4.85
1184	0	0	4.85
1185	0	0	4.85
1186	0	0	4.85
1187	0	0	4.35
1188	0	0	4.35
1189	0	0	4.35
1190	0	0	4.35
1191	0	0	4.35
1192	0	0	4.35
1193	0	0	4.35
1194	0	0	4.35
1195	0	0	4.35
1196	0	0	4.35
1197	0	0	4.35
1198	0	0	4.35
1199	0	0	4.35
1200	0	0	4.35
1201	0	0	4.35
1202	0	0	4.35
1203	0	0	4.35
1204	0	0	4.35
1205	0	0	4.35
1206	0	0	4.35
1207	0	0	4.35
1208	0	0	4.35
1209	0	0	4.35
1210	0	0	4.35
1211	0	0	4.35
1212	0	0	4.35
1213	0	0	4.35
1214	0	0	4.35
1215	0	0	4.35
1216	0	0	4.35
1217	0	0	4.13
1218	0	0	4.13
1219	0	0	4.13
1220	0	0	4.13
1221	0	0	4.13
1222	0	0	4.13
1223	0	0	4.13
1224	0	0	4.13
1225	0	0	4.13
1226	0	0	4.13
1227	0	0	4.13
1228	0	0	4.13
1229	0	0	4.13
1230	0	0	4.13
1231	0	0	4.13
1232	0	0	4.13
1233	0	0	4.13
1234	0	0	4.13
1235	0	0	4.13
1236	0	0	4.13
1237	0	0	4.13
1238	0	0	4.13
1239	0	0	4.13
1240	0	0	4.13
1241	0	0	4.13
1242	0	0	4.13
1243	0	0	4.13
1244	0	0	4.13
1245	0	0	4.13
1246	0	0	4.13
1247	0	0	4.13
1248	0	0	4.06
1249	0	0	4.06
1250	0	0	4.06
1251	0	0	4.06
1252	0	0	4.06
1253	0	0	4.06
1254	0	0	4.06
1255	0	0	4.06
1256	0	0	4.06
1257	0	0	4.06
1258	0	0	4.06
1259	0	0	4.06
1260	0	0	4.06
1261	0	0	4.06
1262	0	0	4.06
1263	0	0	4.06
1264	0	0	4.06
1265	0	0	4.06
1266	0	0	4.06
1267	0	0	4.06
1268	0	0	4.06
1269	0	0	4.06
1270	0	0	4.06
1271	0	0	4.06
1272	0	0	4.06
1273	0	0	4.06
1274	0	0	4.06
1275	0	0	4.06
1276	0	0	4.06
1277	0	0	4.06
1278	0	0	4.12
1279	0	0	4.12
1280	0	0	4.12
1281	0	0	4.12
1282	0	0	4.12
1283	0	0	4.12
1284	0	0	4.12
1285	0	0	4.12
1286	0	0	4.12
1287	0	0	4.12
1288	0	0	4.12
1289	0	0	4.12
1290	0	0	4.12
1291	0	0	4.12
1292	0	0	4.12
1293	0	0	4.12
1294	0	0	4.12
1295	0	0	4.12
1296	0	0	4.12
1297	0	0	4.12
1298	0	0	4.12
1299	0	0	4.12
1300	0	0	4.12
1301	0	0	4.12
1302	0	0	4.12
1303	0	0	4.12
1304	0	0	4.12
1305	0	0	4.12
1306	0	0	4.12
1307	0	0	4.12
1308	0	0	4.12
1309	0	0	4.07
1310	0	0	4.07
1311	0	0	4.07
1312	0	0	4.07
1313	0	0	4.07
1314	0	0	4.07
1315	0	0	4.07
1316	0	0	4.07
1317	0	0	4.07
1318	0	0	4.07
1319	0	0	4.07
1320	0	0	4.07
1321	0	0	4.07
1322	0	0	4.07
1323	0	0	4.07
1324	0	0	4.07
1325	0	0	4.07
1326	0	0	4.07
1327	0	0	4.07
1328	0	0	4.07
1329	0	0	4.07
1330	0	0	4.07
1331	0	0	4.07
1332	0	0	4.07
1333	0	0	4.07
1334	0	0	4.07
1335	0	0	4.07
1336	0	0	4.07
1337	0	0	4.07
1338	0	0	4.07
1339	0	0	4.07
1340	0	0	4.22
1341	0	0	4.22
1342	0	0	4.22
1343	0	0	4.22
1344	0	0	4.22
1345	0	0	4.22
1346	0	0	4.22
1347	0	0	4.22
1348	0	0	4.22
1349	0	0	4.22
1350	0	0	4.22
1351	0	0	4.22
1352	0	0	4.22
1353	0	0	4.22
1354	0	0	4.22
1355	0	0	4.22
1356	0	0	4.22
1357	0	0	4.22
1358	0	0	4.22
1359	0	0	4.22
1360	0	0	4.22
1361	0	0	4.22
1362	0	0	4.22
1363	0	0	4.22
1364	0	0	4.22
1365	0	0	4.22
1366	0	0	4.22
1367	0	0	4.22
1368	0	0	4.22
1369	0	0	4.17
1370	0	0	4.17
1371	0	0	4.17
1372	0	0	4.17
1373	0	0	4.17
1374	0	0	4.17
1375	0	0	4.17
1376	0	0	4.17
1377	0	0	4.17
1378	0	0	4.17
1379	0	0	4.17
1380	0	0	4.17
1381	0	0	4.17
1382	0	0	4.17
1383	0	0	4.17
1384	0	0	4.17
1385	0	0	4.17
1386	0	0	4.17
1387	0	0	4.17
1388	0	0	4.17
1389	0	0	4.17
1390	0	0	4.17
1391	0	0	4.17
1392	0	0	4.17
1393	0	0	4.17
1394	0	0	4.17
1395	0	0	4.17
1396	0	0	4.17
1397	0	0	4.17
1398	0	0	4.17
1399	0	0	4.17
1400	0	0	4.17
1401	0	0	4.17
1402	0	0	4.17
1403	0	0	4.17
1404	0	0	4.17
1405	0	0	4.17
1406	0	0	4.17
1407	0	0	4.17
1408	0	0	4.17
1409	0	0	4.17
1410	0	0	4.17
1411	0	0	4.17
1412	0	0	4.17
1413	0	0	4.17
1414	0	0	4.17
1415	0	0	4.17
1416	0	0	4.17
1417	0	0	4.17
1418	0	0	4.17
1419	0	0	4.17
1420	0	0	4.17
1421	0	0	4.17
1422	0	0	4.17
1423	0	0	4.17
1424	0	0	4.17
1425	0	0	4.17
1426	0	0	4.17
1427	0	0	4.17
1428	0	0	4.17
1429	0	0	4.17
1430	0	0	4.46
1431	0	0	4.46
1432	0	0	4.46
1433	0	0	4.46
1434	0	0	4.46
1435	0	0	4.46
1436	0	0	4.46
1437	0	0	4.46
1438	0	0	4.46
1439	0	0	4.46
1440	0	0	4.46
1441	0	0	4.46
1442	0	0	4.46
1443	0	0	4.46
1444	0	0	4.46
1445	0	0	4.46
1446	0	0	4.46
1447	0	0	4.46
1448	0	0	4.46
1449	0	0	4.46
1450	0	0	4.46
1451	0	0	4.46
1452	0	0	4.46
1453	0	0	4.46
1454	0	0	4.46
1455	0	0	4.46
1456	0	0	4.46
1457	0	0	4.46
1458	0	0	4.46
1459	0	0	4.46
1460	0	0	4.46
1461	0	0	4.46
1462	0	0	4.46
1463	0	0	4.46
1464	0	0	4.46
1465	0	0	4.46
1466	0	0	4.46
1467	0	0	4.46
1468	0	0	4.46
1469	0	0	4.46
1470	0	0	4.46
1471	0	0	4.46
1472	0	0	4.46
1473	0	0	4.46
1474	0	0	4.46
1475	0	0	4.46
1476	0	0	4.46
1477	0	0	4.46
1478	0	0	4.46
1479	0	0	4.46
1480	0	0	4.46
1481	0	0	4.46
1482	0	0	4.46
1483	0	0	4.46
1484	0	0	4.46
1485	0	0	4.46
1486	0	0	4.46
1487	0	0	4.46
1488	0	0	4.46
1489	0	0	4.46
1490	0	0	4.46
1491	0	0	5.16
1492	0	0	5.16
1493	0	0	5.16
1494	0	0	5.16
1495	0	0	5.16
1496	0	0	5.16
1497	0	0	5.16
1498	0	0	5.16
1499	0	0	5.16
1500	0	0	5.16
1501	0	0	5.16
1502	0	0	5.16
1503	0	0	5.16
1504	0	0	5.16
1505	0	0	5.16
1506	0	0	5.16
1507	0	0	5.16
1508	0	0	5.16
1509	0	0	5.16
1510	0	0	5.16
1511	0	0	5.16
1512	0	0	5.16
1513	0	0	5.16
1514	0	0	5.16
1515	0	0	5.16
1516	0	0	5.16
1517	0	0	5.16
1518	0	0	5.16
1519	0	0	5.16
1520	0	0	5.16
1521	0	0	5.16
1522	0	0	4.85
1523	0	0	4.85
1524	0	0	4.85
1525	0	0	4.85
1526	0	0	4.85
1527	0	0	4.85
1528	0	0	4.85
1529	0	0	4.85
1530	0	0	4.85
1531	0	0	4.85
1532	0	0	4.85
1533	0	0	4.85
1534	0	0	4.85
1535	0	0	4.85
1536	0	0	4.85
1537	0	0	4.85
1538	0	0	4.85
1539	0	0	4.85
1540	0	0	4.85
1541	0	0	4.85
1542	0	0	4.85
1543	0	0	4.85
1544	0	0	4.85
1545	0	0	4.85
1546	0	0	4.85
1547	0	0	4.85
1548	0	0	4.85
1549	0	0	4.85
1550	0	0	4.85
1551	0	0	4.85
1552	0	0	4.85
1553	0	0	4.35
1554	0	0	4.35
1555	0	0	4.35
1556	0	0	4.35
1557	0	0	4.35
1558	0	0	4.35
1559	0	0	4.35
1560	0	0	4.35
1561	0	0	4.35
1562	0	0	4.35
1563	0	0	4.35
1564	0	0	4.35
1565	0	0	4.35
1566	0	0	4.35
1567	0	0	4.35
1568	0	0	4.35
1569	0	0	4.35
1570	0	0	4.35
1571	0	0	4.35
1572	0	0	4.35
1573	0	0	4.35
1574	0	0	4.35
1575	0	0	4.35
1576	0	0	4.35
1577	0	0	4.35
1578	0	0	4.35
1579	0	0	4.35
1580	0	0	4.35
1581	0	0	4.35
1582	0	0	4.35
1583	0	0	4.13
1584	0	0	4.13
1585	0	0	4.13
1586	0	0	4.13
1587	0	0	4.13
1588	0	0	4.13
1589	0	0	4.13
1590	0	0	4.13
1591	0	0	4.13
1592	0	0	4.13
1593	0	0	4.13
1594	0	0	4.13
1595	0	0	4.13
1596	0	0	4.13
1597	0	0	4.13
1598	0	0	4.13
1599	0	0	4.13
1600	0	0	4.13
1601	0	0	4.13
1602	0	0	4.13
1603	0	0	4.13
1604	0	0	4.13
1605	0	0	4.13
1606	0	0	4.13
1607	0	0	4.13
1608	0	0	4.13
1609	0	0	4.13
1610	0	0	4.13
1611	0	0	4.13
1612	0	0	4.13
1613	0	0	4.13
1614	0	0	4.06
1615	0	0	4.06
1616	0	0	4.06
1617	0	0	4.06
1618	0	0	4.06
1619	0	0	4.06
1620	0	0	4.06
1621	0	0	4.06
1622	0	0	4.06
1623	0	0	4.06
1624	0	0	4.06
1625	0	0	4.06
1626	0	0	4.06
1627	0	0	4.06
1628	0	0	4.06
1629	0	0	4.06
1630	0	0	4.06
1631	0	0	4.06
1632	0	0	4.06
1633	0	0	4.06
1634	0	0	4.06
1635	0	0	4.06
1636	0	0	4.06
1637	0	0	4.06
1638	0	0	4.06
1639	0	0	4.06
1640	0	0	4.06
1641	0	0	4.06
1642	0	0	4.06
1643	0	0	4.06
1644	0	0	4.12
1645	0	0	4.12
1646	0	0	4.12
1647	0	0	4.12
1648	0	0	4.12
1649	0	0	4.12
1650	0	0	4.12
1651	0	0	4.12
1652	0	0	4.12
1653	0	0	4.12
1654	0	0	4.12
1655	0	0	4.12
1656	0	0	4.12
1657	0	0	4.12
1658	0	0	4.12
1659	0	0	4.12
1660	0	0	4.12
1661	0	0	4.12
1662	0	0	4.12
1663	0	0	4.12
1664	0	0	4.12
1665	0	0	4.12
1666	0	0	4.12
1667	0	0	4.12
1668	0	0	4.12
1669	0	0	4.12
1670	0	0	4.12
1671	0	0	4.12
1672	0	0	4.12
1673	0	0	4.12
1674	0	0	4.12
1675	0	0	4.07
1676	0	0	4.07
1677	0	0	4.07
1678	0	0	4.07
1679	0	0	4.07
1680	0	0	4.07
1681	0	0	4.07
1682	0	0	4.07
1683	0	0	4.07
1684	0	0	4.07
1685	0	0	4.07
1686	0	0	4.07
1687	0	0	4.07
1688	0	0	4.07
1689	0	0	4.07
1690	0	0	4.07
1691	0	0	4.07
1692	0	0	4.07
1693	0	0	4.07
1694	0	0	4.07
1695	0	0	4.07
1696	0	0	4.07
1697	0	0	4.07
1698	0	0	4.07
1699	0	0	4.07
1700	0	0	4.07
1701	0	0	4.07
1702	0	0	4.07
1703	0	0	4.07
1704	0	0	4.07
1705	0	0	4.07
1706	0	0	4.22
1707	0	0	4.22
1708	0	0	4.22
1709	0	0	4.22
1710	0	0	4.22
1711	0	0	4.22
1712	0	0	4.22
1713	0	0	4.22
1714	0	0	4.22
1715	0	0	4.22
1716	0	0	4.22
1717	0	0	4.22
1718	0	0	4.22
1719	0	0	4.22
1720	0	0	4.22
1721	0	0	4.22
1722	0	0	4.22
1723	0	0	4.22
1724	0	0	4.22
1725	0	0	4.22
1726	0	0	4.22
1727	0	0	4.22
1728	0	0	4.22
1729	0	0	4.22
1730	0	0	4.22
1731	0	0	4.22
1732	0	0	4.22
1733	0	0	4.22
1734	0	0	4.17
1735	0	0	4.17
1736	0	0	4.17
1737	0	0	4.17
1738	0	0	4.17
1739	0	0	4.17
1740	0	0	4.17
1741	0	0	4.17
1742	0	0	4.17
1743	0	0	4.17
1744	0	0	4.17
1745	0	0	4.17
1746	0	0	4.17
1747	0	0	4.17
1748	0	0	4.17
1749	0	0	4.17
1750	0	0	4.17
1751	0	0	4.17
1752	0	0	4.17
1753	0	0	4.17
1754	0	0	4.17
1755	0	0	4.17
1756	0	0	4.17
1757	0	0	4.17
1758	0	0	4.17
1759	0	0	4.17
1760	0	0	4.17
1761	0	0	4.17
1762	0	0	4.17
1763	0	0	4.17
1764	0	0	4.17
1765	0	0	4.17
1766	0	0	4.17
1767	0	0	4.17
1768	0	0	4.17
1769	0	0	4.17
1770	0	0	4.17
1771	0	0	4.17
1772	0	0	4.17
1773	0	0	4.17
1774	0	0	4.17
1775	0	0	4.17
1776	0	0	4.17
1777	0	0	4.17
1778	0	0	4.17
1779	0	0	4.17
1780	0	0	4.17
1781	0	0	4.17
1782	0	0	4.17
1783	0	0	4.17
1784	0	0	4.17
1785	0	0	4.17
1786	0	0	4.17
1787	0	0	4.17
1788	0	0	4.17
1789	0	0	4.17
1790	0	0	4.17
1791	0	0	4.17
1792	0	0	4.17
1793	0	0	4.17
1794	0	0	4.17
1795	0	0	4.46
1796	0	0	4.46
1797	0	0	4.46
1798	0	0	4.46
1799	0	0	4.46
1800	0	0	4.46
1801	0	0	4.46
1802	0	0	4.46
1803	0	0	4.46
1804	0	0	4.46
1805	0	0	4.46
1806	0	0	4.46
1807	0	0	4.46
1808	0	0	4.46
1809	0	0	4.46
1810	0	0	4.46
1811	0	0	4.46
1812	0	0	4.46
1813	0	0	4.46
1814	0	0	4.46
1815	0	0	4.46
1816	0	0	4.46
1817	0	0	4.46
1818	0	0	4.46
1819	0	0	4.46
1820	0	0	4.46
1821	0	0	4.46
1822	0	0	4.46
1823	0	0	4.46
1824	0	0	4.46
1825	0	0	4.46
1826	0	0	4.46
1827	0	0	4.46
1828	0	0	4.46
1829	0	0	4.46
1830	0	0	4.46
1831	0	0	4.46
1832	0	0	4.46
1833	0	0	4.46
1834	0	0	4.46
1835	0	0	4.46
1836	0	0	4.46
1837	0	0	4.46
1838	0	0	4.46
1839	0	0	4.46
1840	0	0	4.46
1841	0	0	4.46
1842	0	0	4.46
1843	0	0	4.46
1844	0	0	4.46
1845	0	0	4.46
1846	0	0	4.46
1847	0	0	4.46
1848	0	0	4.46
1849	0	0	4.46
1850	0	0	4.46
1851	0	0	4.46
1852	0	0	4.46
1853	0	0	4.46
1854	0	0	4.46
1855	0	0	4.46
1856	0	0	5.16
1857	0	0	5.16
1858	0	0	5.16
1859	0	0	5.16
1860	0	0	5.16
1861	0	0	5.16
1862	0	0	5.16
1863	0	0	5.16
1864	0	0	5.16
1865	0	0	5.16
1866	0	0	5.16
1867	0	0	5.16
1868	0	0	5.16
1869	0	0	5.16
1870	0	0	5.16
1871	0	0	5.16
1872	0	0	5.16
1873	0	0	5.16
1874	0	0	5.16
1875	0	0	5.16
1876	0	0	5.16
1877	0	0	5.16
1878	0	0	5.16
1879	0	0	5.16
1880	0	0	5.16
1881	0	0	5.16
1882	0	0	5.16
1883	0	0	5.16
1884	0	0	5.16
1885	0	0	5.16
1886	0	0	5.16
1887	0	0	4.85
1888	0	0	4.85
1889	0	0	4.85
1890	0	0	4.85
1891	0	0	4.85
1892	0	0	4.85
1893	0	0	4.85
1894	0	0	4.85
1895	0	0	4.85
1896	0	0	4.85
1897	0	0	4.85
1898	0	0	4.85
1899	0	0	4.85
1900	0	0	4.85
1901	0	0	4.85
1902	0	0	4.85
1903	0	0	4.85
1904	0	0	4.85
1905	0	0	4.85
1906	0	0	4.85
1907	0	0	4.85
1908	0	0	4.85
1909	0	0	4.85
1910	0	0	4.85
1911	0	0	4.85
1912	0	0	4.85
1913	0	0	4.85
1914	0	0	4.85
1915	0	0	4.85
1916	0	0	4.85
1917	0	0	4.85
1918	0	0	4.35
1919	0	0	4.35
1920	0	0	4.35
1921	0	0	4.35
1922	0	0	4.35
1923	0	0	4.35
1924	0	0	4.35
1925	0	0	4.35
1926	0	0	4.35
1927	0	0	4.35
1928	0	0	4.35
1929	0	0	4.35
1930	0	0	4.35
1931	0	0	4.35
1932	0	0	4.35
1933	0	0	4.35
1934	0	0	4.35
1935	0	0	4.35
1936	0	0	4.35
1937	0	0	4.35
1938	0	0	4.35
1939	0	0	4.35
1940	0	0	4.35
1941	0	0	4.35
1942	0	0	4.35
1943	0	0	4.35
1944	0	0	4.35
1945	0	0	4.35
1946	0	0	4.35
1947	0	0	4.35
1948	0	0	4.13
1949	0	0	4.13
1950	0	0	4.13
1951	0	0	4.13
1952	0	0	4.13
1953	0	0	4.13
1954	0	0	4.13
1955	0	0	4.13
1956	0	0	4.13
1957	0	0	4.13
1958	0	0	4.13
1959	0	0	4.13
1960	0	0	4.13
1961	0	0	4.13
1962	0	0	4.13
1963	0	0	4.13
1964	0	0	4.13
1965	0	0	4.13
1966	0	0	4.13
1967	0	0	4.13
1968	0	0	4.13
1969	0	0	4.13
1970	0	0	4.13
1971	0	0	4.13
1972	0	0	4.13
1973	0	0	4.13
1974	0	0	4.13
1975	0	0	4.13
1976	0	0	4.13
1977	0	0	4.13
1978	0	0	4.13
1979	0	0	4.06
1980	0	0	4.06
1981	0	0	4.06
1982	0	0	4.06
1983	0	0	4.06
1984	0	0	4.06
1985	0	0	4.06
1986	0	0	4.06
1987	0	0	4.06
1988	0	0	4.06
1989	0	0	4.06
1990	0	0	4.06
1991	0	0	4.06
1992	0	0	4.06
1993	0	0	4.06
1994	0	0	4.06
1995	0	0	4.06
1996	0	0	4.06
1997	0	0	4.06
1998	0	0	4.06
1999	0	0	4.06
2000	0	0	4.06
2001	0	0	4.06
2002	0	0	4.06
2003	0	0	4.06
2004	0	0	4.06
2005	0	0	4.06
2006	0	0	4.06
2007	0	0	4.06
2008	0	0	4.06
2009	0	0	4.12
2010	0	0	4.12
2011	0	0	4.12
2012	0	0	4.12
2013	0	0	4.12
2014	0	0	4.12
2015	0	0	4.12
2016	0	0	4.12
2017	0	0	4.12
2018	0	0	4.12
2019	0	0	4.12
2020	0	0	4.12
2021	0	0	4.12
2022	0	0	4.12
2023	0	0	4.12
2024	0	0	4.12
2025	0	0	4.12
2026	0	0	4.12
2027	0	0	4.12
2028	0	0	4.12
2029	0	0	4.12
2030	0	0	4.12
2031	0	0	4.12
2032	0	0	4.12
2033	0	0	4.12
2034	0	0	4.12
2035	0	0	4.12
2036	0	0	4.12
2037	0	0	4.12
2038	0	0	4.12
2039	0	0	4.12
2040	0	0	4.07
2041	0	0	4.07
2042	0	0	4.07
2043	0	0	4.07
2044	0	0	4.07
2045	0	0	4.07
2046	0	0	4.07
2047	0	0	4.07
2048	0	0	4.07
2049	0	0	4.07
2050	0	0	4.07
2051	0	0	4.07
2052	0	0	4.07
2053	0	0	4.07
2054	0	0	4.07
2055	0	0	4.07
2056	0	0	4.07
2057	0	0	4.07
2058	0	0	4.07
2059	0	0	4.07
2060	0	0	4.07
2061	0	0	4.07
2062	0	0	4.07
2063	0	0	4.07
2064	0	0	4.07
2065	0	0	4.07
2066	0	0	4.07
2067	0	0	4.07
2068	0	0	4.07
2069	0	0	4.07
2070	0	0	4.07
2071	0	0	4.22
2072	0	0	4.22
2073	0	0	4.22
2074	0	0	4.22
2075	0	0	4.22
2076	0	0	4.22
2077	0	0	4.22
2078	0	0	4.22
2079	0	0	4.22
2080	0	0	4.22
2081	0	0	4.22
2082	0	0	4.22
2083	0	0	4.22
2084	0	0	4.22
2085	0	0	4.22
2086	0	0	4.22
2087	0	0	4.22
2088	0	0	4.22
2089	0	0	4.22
2090	0	0	4.22
2091	0	0	4.22
2092	0	0	4.22
2093	0	0	4.22
2094	0	0	4.22
2095	0	0	4.22
2096	0	0	4.22
2097	0	0	4.22
2098	0	0	4.22
2099	0	0	4.17
2100	0	0	4.17
2101	0	0	4.17
2102	0	0	4.17
2103	0	0	4.17
2104	0	0	4.17
2105	0	0	4.17
2106	0	0	4.17
2107	0	0	4.17
2108	0	0	4.17
2109	0	0	4.17
2110	0	0	4.17
2111	0	0	4.17
2112	0	0	4.17
2113	0	0	4.17
2114	0	0	4.17
2115	0	0	4.17
2116	0	0	4.17
2117	0	0	4.17
2118	0	0	4.17
2119	0	0	4.17
2120	0	0	4.17
2121	0	0	4.17
2122	0	0	4.17
2123	0	0	4.17
2124	0	0	4.17
2125	0	0	4.17
2126	0	0	4.17
2127	0	0	4.17
2128	0	0	4.17
2129	0	0	4.17
2130	0	0	4.17
2131	0	0	4.17
2132	0	0	4.17
2133	0	0	4.17
2134	0	0	4.17
2135	0	0	4.17
2136	0	0	4.17
2137	0	0	4.17
2138	0	0	4.17
2139	0	0	4.17
2140	0	0	4.17
2141	0	0	4.17
2142	0	0	4.17
2143	0	0	4.17
2144	0	0	4.17
2145	0	0	4.17
2146	0	0	4.17
2147	0	0	4.17
2148	0	0	4.17
2149	0	0	4.17
2150	0	0	4.17
2151	0	0	4.17
2152	0	0	4.17
2153	0	0	4.17
2154	0	0	4.17
2155	0	0	4.17
2156	0	0	4.17
2157	0	0	4.17
2158	0	0	4.17
2159	0	0	4.17
2160	0	0	4.46
2161	0	0	4.46
2162	0	0	4.46
2163	0	0	4.46
2164	0	0	4.46
2165	0	0	4.46
2166	0	0	4.46
2167	0	0	4.46
2168	0	0	4.46
2169	0	0	4.46
2170	0	0	4.46
2171	0	0	4.46
2172	0	0	4.46
2173	0	0	4.46
2174	0	0	4.46
2175	0	0	4.46
2176	0	0	4.46
2177	0	0	4.46
2178	0	0	4.46
2179	0	0	4.46
2180	0	0	4.46
2181	0	0	4.46
2182	0	0	4.46
2183	0	0	4.46
2184	0	0	4.46
2185	0	0	4.46
2186	0	0	4.46
2187	0	0	4.46
2188	0	0	4.46
2189	0	0	4.46
2190	0	0	4.46
2191	0	0	4.46
2192	0	0	4.46
2193	0	0	4.46
2194	0	0	4.46
2195	0	0	4.46
2196	0	0	4.46
2197	0	0	4.46
2198	0	0	4.46
2199	0	0	4.46
2200	0	0	4.46
2201	0	0	4.46
2202	0	0	4.46
2203	0	0	4.46
2204	0	0	4.46
2205	0	0	4.46
2206	0	0	4.46
2207	0	0	4.46
2208	0	0	4.46
2209	0	0	4.46
2210	0	0	4.46
2211	0	0	4.46
2212	0	0	4.46
2213	0	0	4.46
2214	0	0	4.46
2215	0	0	4.46
2216	0	0	4.46
2217	0	0	4.46
2218	0	0	4.46
2219	0	0	4.46
2220	0	0	4.46
2221	0	0	5.16
2222	0	0	5.16
2223	0	0	5.16
2224	0	0	5.16
2225	0	0	5.16
2226	0	0	5.16
2227	0	0	5.16
2228	0	0	5.16
2229	0	0	5.16
2230	0	0	5.16
2231	0	0	5.16
2232	0	0	5.16
2233	0	0	5.16
2234	0	0	5.16
2235	0	0	5.16
2236	0	0	5.16
2237	0	0	5.16
2238	0	0	5.16
2239	0	0	5.16
2240	0	0	5.16
2241	0	0	5.16
2242	0	0	5.16
2243	0	0	5.16
2244	0	0	5.16
2245	0	0	5.16
2246	0	0	5.16
2247	0	0	5.16
2248	0	0	5.16
2249	0	0	5.16
2250	0	0	5.16
2251	0	0	5.16
2252	0	0	4.85
2253	0	0	4.85
2254	0	0	4.85
2255	0	0	4.85
2256	0	0	4.85
2257	0	0	4.85
2258	0	0	4.85
2259	0	0	4.85
2260	0	0	4.85
2261	0	0	4.85
2262	0	0	4.85
2263	0	0	4.85
2264	0	0	4.85
2265	0	0	4.85
2266	0	0	4.85
2267	0	0	4.85
2268	0	0	4.85
2269	0	0	4.85
2270	0	0	4.85
2271	0	0	4.85
2272	0	0	4.85
2273	0	0	4.85
2274	0	0	4.85
2275	0	0	4.85
2276	0	0	4.85
2277	0	0	4.85
2278	0	0	4.85
2279	0	0	4.85
2280	0	0	4.85
2281	0	0	4.85
2282	0	0	4.85
2283	0	0	4.35
2284	0	0	4.35
2285	0	0	4.35
2286	0	0	4.35
2287	0	0	4.35
2288	0	0	4.35
2289	0	0	4.35
2290	0	0	4.35
2291	0	0	4.35
2292	0	0	4.35
2293	0	0	4.35
2294	0	0	4.35
2295	0	0	4.35
2296	0	0	4.35
2297	0	0	4.35
2298	0	0	4.35
2299	0	0	4.35
2300	0	0	4.35
2301	0	0	4.35
2302	0	0	4.35
2303	0	0	4.35
2304	0	0	4.35
2305	0	0	4.35
2306	0	0	4.35
2307	0	0	4.35
2308	0	0	4.35
2309	0	0	4.35
2310	0	0	4.35
2311	0	0	4.35
2312	0	0	4.35
2313	0	0	4.13
2314	0	0	4.13
2315	0	0	4.13
2316	0	0	4.13
2317	0	0	4.13
2318	0	0	4.13
2319	0	0	4.13
2320	0	0	4.13
2321	0	0	4.13
2322	0	0	4.13
2323	0	0	4.13
2324	0	0	4.13
2325	0	0	4.13
2326	0	0	4.13
2327	0	0	4.13
2328	0	0	4.13
2329	0	0	4.13
2330	0	0	4.13
2331	0	0	4.13
2332	0	0	4.13
2333	0	0	4.13
2334	0	0	4.13
2335	0	0	4.13
2336	0	0	4.13
2337	0	0	4.13
2338	0	0	4.13
2339	0	0	4.13
2340	0	0	4.13
2341	0	0	4.13
2342	0	0	4.13
2343	0	0	4.13
2344	0	0	4.06
2345	0	0	4.06
2346	0	0	4.06
2347	0	0	4.06
2348	0	0	4.06
2349	0	0	4.06
2350	0	0	4.06
2351	0	0	4.06
2352	0	0	4.06
2353	0	0	4.06
2354	0	0	4.06
2355	0	0	4.06
2356	0	0	4.06
2357	0	0	4.06
2358	0	0	4.06
2359	0	0	4.06
2360	0	0	4.06
2361	0	0	4.06
2362	0	0	4.06
2363	0	0	4.06
2364	0	0	4.06
2365	0	0	4.06
2366	0	0	4.06
2367	0	0	4.06
2368	0	0	4.06
2369	0	0	4.06
2370	0	0	4.06
2371	0	0	4.06
2372	0	0	4.06
2373	0	0	4.06
2374	0	0	4.12
2375	0	0	4.12
2376	0	0	4.12
2377	0	0	4.12
2378	0	0	4.12
2379	0	0	4.12
2380	0	0	4.12
2381	0	0	4.12
2382	0	0	4.12
2383	0	0	4.12
2384	0	0	4.12
2385	0	0	4.12
2386	0	0	4.12
2387	0	0	4.12
2388	0	0	4.12
2389	0	0	4.12
2390	0	0	4.12
2391	0	0	4.12
2392	0	0	4.12
2393	0	0	4.12
2394	0	0	4.12
2395	0	0	4.12
2396	0	0	4.12
2397	0	0	4.12
2398	0	0	4.12
2399	0	0	4.12
2400	0	0	4.12
2401	0	0	4.12
2402	0	0	4.12
2403	0	0	4.12
2404	0	0	4.12
2405	0	0	4.07
2406	0	0	4.07
2407	0	0	4.07
2408	0	0	4.07
2409	0	0	4.07
2410	0	0	4.07
2411	0	0	4.07
2412	0	0	4.07
2413	0	0	4.07
2414	0	0	4.07
2415	0	0	4.07
2416	0	0	4.07
2417	0	0	4.07
2418	0	0	4.07
2419	0	0	4.07
2420	0	0	4.07
2421	0	0	4.07
2422	0	0	4.07
2423	0	0	4.07
2424	0	0	4.07
2425	0	0	4.07
2426	0	0	4.07
2427	0	0	4.07
2428	0	0	4.07
2429	0	0	4.07
2430	0	0	4.07
2431	0	0	4.07
2432	0	0	4.07
2433	0	0	4.07
2434	0	0	4.07
2435	0	0	4.07
2436	0	0	4.22
2437	0	0	4.22
2438	0	0	4.22
2439	0	0	4.22
2440	0	0	4.22
2441	0	0	4.22
2442	0	0	4.22
2443	0	0	4.22
2444	0	0	4.22
2445	0	0	4.22
2446	0	0	4.22
2447	0	0	4.22
2448	0	0	4.22
2449	0	0	4.22
2450	0	0	4.22
2451	0	0	4.22
2452	0	0	4.22
2453	0	0	4.22
2454	0	0	4.22
2455	0	0	4.22
2456	0	0	4.22
2457	0	0	4.22
2458	0	0	4.22
2459	0	0	4.22
2460	0	0	4.22
2461	0	0	4.22
2462	0	0	4.22
2463	0	0	4.22
2464	0	0	4.17
2465	0	0	4.17
2466	0	0	4.17
2467	0	0	4.17
2468	0	0	4.17
2469	0	0	4.17
2470	0	0	4.17
2471	0	0	4.17
2472	0	0	4.17
2473	0	0	4.17
2474	0	0	4.17
2475	0	0	4.17
2476	0	0	4.17
2477	0	0	4.17
2478	0	0	4.17
2479	0	0	4.17
2480	0	0	4.17
2481	0	0	4.17
2482	0	0	4.17
2483	0	0	4.17
2484	0	0	4.17
2485	0	0	4.17
2486	0	0	4.17
2487	0	0	4.17
2488	0	0	4.17
2489	0	0	4.17
2490	0	0	4.17
2491	0	0	4.17
2492	0	0	4.17
2493	0	0	4.17
2494	0	0	4.17
2495	0	0	4.17
2496	0	0	4.17
2497	0	0	4.17
2498	0	0	4.17
2499	0	0	4.17
2500	0	0	4.17
2501	0	0	4.17
2502	0	0	4.17
2503	0	0	4.17
2504	0	0	4.17
2505	0	0	4.17
2506	0	0	4.17
2507	0	0	4.17
2508	0	0	4.17
2509	0	0	4.17
2510	0	0	4.17
2511	0	0	4.17
2512	0	0	4.17
2513	0	0	4.17
2514	0	0	4.17
2515	0	0	4.17
2516	0	0	4.17
2517	0	0	4.17
2518	0	0	4.17
2519	0	0	4.17
2520	0	0	4.17
2521	0	0	4.17
2522	0	0	4.17
2523	0	0	4.17
2524	0	0	4.17
2525	0	0	4.46
2526	0	0	4.46
2527	0	0	4.46
2528	0	0	4.46
2529	0	0	4.46
2530	0	0	4.46
2531	0	0	4.46
2532	0	0	4.46
2533	0	0	4.46
2534	0	0	4.46
2535	0	0	4.46
2536	0	0	4.46
2537	0	0	4.46
2538	0	0	4.46
2539	0	0	4.46
2540	0	0	4.46
2541	0	0	4.46
2542	0	0	4.46
2543	0	0	4.46
2544	0	0	4.46
2545	0	0	4.46
2546	0	0	4.46
2547	0	0	4.46
2548	0	0	4.46
2549	0	0	4.46
2550	0	0	4.46
2551	0	0	4.46
2552	0	0	4.46
2553	0	0	4.46
2554	0	0	4.46
2555	0	0	4.46
2556	0	0	4.46
2557	0	0	4.46
2558	0	0	4.46
2559	0	0	4.46
2560	0	0	4.46
2561	0	0	4.46
2562	0	0	4.46
2563	0	0	4.46
2564	0	0	4.46
2565	0	0	4.46
2566	0	0	4.46
2567	0	0	4.46
2568	0	0	4.46
2569	0	0	4.46
2570	0	0	4.46
2571	0	0	4.46
2572	0	0	4.46
2573	0	0	4.46
2574	0	0	4.46
2575	0	0	4.46
2576	0	0	4.46
2577	0	0	4.46
2578	0	0	4.46
2579	0	0	4.46
2580	0	0	4.46
2581	0	0	4.46
2582	0	0	4.46
2583	0	0	4.46
2584	0	0	4.46
2585	0	0	4.46
2586	0	0	5.16
2587	0	0	5.16
2588	0	0	5.16
2589	0	0	5.16
2590	0	0	5.16
2591	0	0	5.16
2592	0	0	5.16
2593	0	0	5.16
2594	0	0	5.16
2595	0	0	5.16
2596	0	0	5.16
2597	0	0	5.16
2598	0	0	5.16
2599	0	0	5.16
2600	0	0	5.16
2601	0	0	5.16
2602	0	0	5.16
2603	0	0	5.16
2604	0	0	5.16
2605	0	0	5.16
2606	0	0	5.16
2607	0	0	5.16
2608	0	0	5.16
2609	0	0	5.16
2610	0	0	5.16
2611	0	0	5.16
2612	0	0	5.16
2613	0	0	5.16
2614	0	0	5.16
2615	0	0	5.16
2616	0	0	5.16
2617	0	0	4.85
2618	0	0	4.85
2619	0	0	4.85
2620	0	0	4.85
2621	0	0	4.85
2622	0	0	4.85
2623	0	0	4.85
2624	0	0	4.85
2625	0	0	4.85
2626	0	0	4.85
2627	0	0	4.85
2628	0	0	4.85
2629	0	0	4.85
2630	0	0	4.85
2631	0	0	4.85
2632	0	0	4.85
2633	0	0	4.85
2634	0	0	4.85
2635	0	0	4.85
2636	0	0	4.85
2637	0	0	4.85
2638	0	0	4.85
2639	0	0	4.85
2640	0	0	4.85
2641	0	0	4.85
2642	0	0	4.85
2643	0	0	4.85
2644	0	0	4.85
2645	0	0	4.85
2646	0	0	4.85
2647	0	0	4.85
2648	0	0	4.35
2649	0	0	4.35
2650	0	0	4.35
2651	0	0	4.35
2652	0	0	4.35
2653	0	0	4.35
2654	0	0	4.35
2655	0	0	4.35
2656	0	0	4.35
2657	0	0	4.35
2658	0	0	4.35
2659	0	0	4.35
2660	0	0	4.35
2661	0	0	4.35
2662	0	0	4.35
2663	0	0	4.35
2664	0	0	4.35
2665	0	0	4.35
2666	0	0	4.35
2667	0	0	4.35
2668	0	0	4.35
2669	0	0	4.35
2670	0	0	4.35
2671	0	0	4.35
2672	0	0	4.35
2673	0	0	4.35
2674	0	0	4.35
2675	0	0	4.35
2676	0	0	4.35
2677	0	0	4.35
2678	0	0	4.13
2679	0	0	4.13
2680	0	0	4.13
2681	0	0	4.13
2682	0	0	4.13
2683	0	0	4.13
2684	0	0	4.13
2685	0	0	4.13
2686	0	0	4.13
2687	0	0	4.13
2688	0	0	4.13
2689	0	0	4.13
2690	0	0	4.13
2691	0	0	4.13
2692	0	0	4.13
2693	0	0	4.13
2694	0	0	4.13
2695	0	0	4.13
2696	0	0	4.13
2697	0	0	4.13
2698	0	0	4.13
2699	0	0	4.13
2700	0	0	4.13
2701	0	0	4.13
2702	0	0	4.13
2703	0	0	4.13
2704	0	0	4.13
2705	0	0	4.13
2706	0	0	4.13
2707	0	0	4.13
2708	0	0	4.13
2709	0	0	4.06
2710	0	0	4.06
2711	0	0	4.06
2712	0	0	4.06
2713	0	0	4.06
2714	0	0	4.06
2715	0	0	4.06
2716	0	0	4.06
2717	0	0	4.06
2718	0	0	4.06
2719	0	0	4.06
2720	0	0	4.06
2721	0	0	4.06
2722	0	0	4.06
2723	0	0	4.06
2724	0	0	4.06
2725	0	0	4.06
2726	0	0	4.06
2727	0	0	4.06
2728	0	0	4.06
2729	0	0	4.06
2730	0	0	4.06
2731	0	0	4.06
2732	0	0	4.06
2733	0	0	4.06
2734	0	0	4.06
2735	0	0	4.06
2736	0	0	4.06
2737	0	0	4.06
2738	0	0	4.06
2739	0	0	4.12
2740	0	0	4.12
2741	0	0	4.12
2742	0	0	4.12
2743	0	0	4.12
2744	0	0	4.12
2745	0	0	4.12
2746	0	0	4.12
2747	0	0	4.12
2748	0	0	4.12
2749	0	0	4.12
2750	0	0	4.12
2751	0	0	4.12
2752	0	0	4.12
2753	0	0	4.12
2754	0	0	4.12
2755	0	0	4.12
2756	0	0	4.12
2757	0	0	4.12
2758	0	0	4.12
2759	0	0	4.12
2760	0	0	4.12
2761	0	0	4.12
2762	0	0	4.12
2763	0	0	4.12
2764	0	0	4.12
2765	0	0	4.12
2766	0	0	4.12
2767	0	0	4.12
2768	0	0	4.12
2769	0	0	4.12
2770	0	0	4.07
2771	0	0	4.07
2772	0	0	4.07
2773	0	0	4.07
2774	0	0	4.07
2775	0	0	4.07
2776	0	0	4.07
2777	0	0	4.07
2778	0	0	4.07
2779	0	0	4.07
2780	0	0	4.07
2781	0	0	4.07
2782	0	0	4.07
2783	0	0	4.07
2784	0	0	4.07
2785	0	0	4.07
2786	0	0	4.07
2787	0	0	4.07
2788	0	0	4.07
2789	0	0	4.07
2790	0	0	4.07
2791	0	0	4.07
2792	0	0	4.07
2793	0	0	4.07
2794	0	0	4.07
2795	0	0	4.07
2796	0	0	4.07
2797	0	0	4.07
2798	0	0	4.07
2799	0	0	4.07
2800	0	0	4.07
2801	0	0	4.22
2802	0	0	4.22
2803	0	0	4.22
2804	0	0	4.22
2805	0	0	4.22
2806	0	0	4.22
2807	0	0	4.22
2808	0	0	4.22
2809	0	0	4.22
2810	0	0	4.22
2811	0	0	4.22
2812	0	0	4.22
2813	0	0	4.22
2814	0	0	4.22
2815	0	0	4.22
2816	0	0	4.22
2817	0	0	4.22
2818	0	0	4.22
2819	0	0	4.22
2820	0	0	4.22
2821	0	0	4.22
2822	0	0	4.22
2823	0	0	4.22
2824	0	0	4.22
2825	0	0	4.22
2826	0	0	4.22
2827	0	0	4.22
2828	0	0	4.22
2829	0	0	4.22
2830	0	0	4.17
2831	0	0	4.17
2832	0	0	4.17
2833	0	0	4.17
2834	0	0	4.17
2835	0	0	4.17
2836	0	0	4.17
2837	0	0	4.17
2838	0	0	4.17
2839	0	0	4.17
2840	0	0	4.17
2841	0	0	4.17
2842	0	0	4.17
2843	0	0	4.17
2844	0	0	4.17
2845	0	0	4.17
2846	0	0	4.17
2847	0	0	4.17
2848	0	0	4.17
2849	0	0	4.17
2850	0	0	4.17
2851	0	0	4.17
2852	0	0	4.17
2853	0	0	4.17
2854	0	0	4.17
2855	0	0	4.17
2856	0	0	4.17
2857	0	0	4.17
2858	0	0	4.17
2859	0	0	4.17
2860	0	0	4.17
2861	0	0	4.17
2862	0	0	4.17
2863	0	0	4.17
2864	0	0	4.17
2865	0	0	4.17
2866	0	0	4.17
2867	0	0	4.17
2868	0	0	4.17
2869	0	0	4.17
2870	0	0	4.17
2871	0	0	4.17
2872	0	0	4.17
2873	0	0	4.17
2874	0	0	4.17
2875	0	0	4.17
2876	0	0	4.17
2877	0	0	4.17
2878	0	0	4.17
2879	0	0	4.17
2880	0	0	4.17
2881	0	0	4.17
2882	0	0	4.17
2883	0	0	4.17
2884	0	0	4.17
2885	0	0	4.17
2886	0	0	4.17
2887	0	0	4.17
2888	0	0	4.17
2889	0	0	4.17
2890	0	0	4.17
2891	0	0	4.46
2892	0	0	4.46
2893	0	0	4.46
2894	0	0	4.46
2895	0	0	4.46
2896	0	0	4.46
2897	0	0	4.46
2898	0	0	4.46
2899	0	0	4.46
2900	0	0	4.46
2901	0	0	4.46
2902	0	0	4.46
2903	0	0	4.46
2904	0	0	4.46
2905	0	0	4.46
2906	0	0	4.46
2907	0	0	4.46
2908	0	0	4.46
2909	0	0	4.46
2910	0	0	4.46
2911	0	0	4.46
2912	0	0	4.46
2913	0	0	4.46
2914	0	0	4.46
2915	0	0	4.46
2916	0	0	4.46
2917	0	0	4.46
2918	0	0	4.46
2919	0	0	4.46
2920	0	0	4.46
2921	0	0	4.46
2922	0	0	4.46
2923	0	0	4.46
2924	0	0	4.46
2925	0	0	4.46
2926	0	0	4.46
2927	0	0	4.46
2928	0	0	4.46
2929	0	0	4.46
2930	0	0	4.46
2931	0	0	4.46
2932	0	0	4.46
2933	0	0	4.46
2934	0	0	4.46
2935	0	0	4.46
2936	0	0	4.46
2937	0	0	4.46
2938	0	0	4.46
2939	0	0	4.46
2940	0	0	4.46
2941	0	0	4.46
2942	0	0	4.46
2943	0	0	4.46
2944	0	0	4.46
2945	0	0	4.46
2946	0	0	4.46
2947	0	0	4.46
2948	0	0	4.46
2949	0	0	4.46
2950	0	0	4.46
2951	0	0	4.46
2952	0	0	5.16
2953	0	0	5.16
2954	0	0	5.16
2955	0	0	5.16
2956	0	0	5.16
2957	0	0	5.16
2958	0	0	5.16
2959	0	0	5.16
2960	0	0	5.16
2961	0	0	5.16
2962	0	0	5.16
2963	0	0	5.16
2964	0	0	5.16
2965	0	0	5.16
2966	0	0	5.16
2967	0	0	5.16
2968	0	0	5.16
2969	0	0	5.16
2970	0	0	5.16
2971	0	0	5.16
2972	0	0	5.16
2973	0	0	5.16
2974	0	0	5.16
2975	0	0	5.16
2976	0	0	5.16
2977	0	0	5.16
2978	0	0	5.16
2979	0	0	5.16
2980	0	0	5.16
2981	0	0	5.16
2982	0	0	5.16
2983	0	0	4.85
2984	0	0	4.85
2985	0	0	4.85
2986	0	0	4.85
2987	0	0	4.85
2988	0	0	4.85
2989	0	0	4.85
2990	0	0	4.85
2991	0	0	4.85
2992	0	0	4.85
2993	0	0	4.85
2994	0	0	4.85
2995	0	0	4.85
2996	0	0	4.85
2997	0	0	4.85
2998	0	0	4.85
2999	0	0	4.85
3000	0	0	4.85
3001	0	0	4.85
3002	0	0	4.85
3003	0	0	4.85
3004	0	0	4.85
3005	0	0	4.85
3006	0	0	4.85
3007	0	0	4.85
3008	0	0	4.85
3009	0	0	4.85
3010	0	0	4.85
3011	0	0	4.85
3012	0	0	4.85
3013	0	0	4.85
3014	0	0	4.35
3015	0	0	4.35
3016	0	0	4.35
3017	0	0	4.35
3018	0	0	4.35
3019	0	0	4.35
3020	0	0	4.35
3021	0	0	4.35
3022	0	0	4.35
3023	0	0	4.35
3024	0	0	4.35
3025	0	0	4.35
3026	0	0	4.35
3027	0	0	4.35
3028	0	0	4.35
3029	0	0	4.35
3030	0	0	4.35
3031	0	0	4.35
3032	0	0	4.35
3033	0	0	4.35
3034	0	0	4.35
3035	0	0	4.35
3036	0	0	4.35
3037	0	0	4.35
3038	0	0	4.35
3039	0	0	4.35
3040	0	0	4.35
3041	0	0	4.35
3042	0	0	4.35
3043	0	0	4.35
3044	0	0	4.13
3045	0	0	4.13
3046	0	0	4.13
3047	0	0	4.13
3048	0	0	4.13
3049	0	0	4.13
3050	0	0	4.13
3051	0	0	4.13
3052	0	0	4.13
3053	0	0	4.13
3054	0	0	4.13
3055	0	0	4.13
3056	0	0	4.13
3057	0	0	4.13
3058	0	0	4.13
3059	0	0	4.13
3060	0	0	4.13
3061	0	0	4.13
3062	0	0	4.13
3063	0	0	4.13
3064	0	0	4.13
3065	0	0	4.13
3066	0	0	4.13
3067	0	0	4.13
3068	0	0	4.13
3069	0	0	4.13
3070	0	0	4.13
3071	0	0	4.13
3072	0	0	4.13
3073	0	0	4.13
3074	0	0	4.13
3075	0	0	4.06
3076	0	0	4.06
3077	0	0	4.06
3078	0	0	4.06
3079	0	0	4.06
3080	0	0	4.06
3081	0	0	4.06
3082	0	0	4.06
3083	0	0	4.06
3084	0	0	4.06
3085	0	0	4.06
3086	0	0	4.06
3087	0	0	4.06
3088	0	0	4.06
3089	0	0	4.06
3090	0	0	4.06
3091	0	0	4.06
3092	0	0	4.06
3093	0	0	4.06
3094	0	0	4.06
3095	0	0	4.06
3096	0	0	4.06
3097	0	0	4.06
3098	0	0	4.06
3099	0	0	4.06
3100	0	0	4.06
3101	0	0	4.06
3102	0	0	4.06
3103	0	0	4.06
3104	0	0	4.06
3105	0	0	4.12
3106	0	0	4.12
3107	0	0	4.12
3108	0	0	4.12
3109	0	0	4.12
3110	0	0	4.12
3111	0	0	4.12
3112	0	0	4.12
3113	0	0	4.12
3114	0	0	4.12
3115	0	0	4.12
3116	0	0	4.12
3117	0	0	4.12
3118	0	0	4.12
3119	0	0	4.12
3120	0	0	4.12
3121	0	0	4.12
3122	0	0	4.12
3123	0	0	4.12
3124	0	0	4.12
3125	0	0	4.12
3126	0	0	4.12
3127	0	0	4.12
3128	0	0	4.12
3129	0	0	4.12
3130	0	0	4.12
3131	0	0	4.12
3132	0	0	4.12
3133	0	0	4.12
3134	0	0	4.12
3135	0	0	4.12
3136	0	0	4.07
3137	0	0	4.07
3138	0	0	4.07
3139	0	0	4.07
3140	0	0	4.07
3141	0	0	4.07
3142	0	0	4.07
3143	0	0	4.07
3144	0	0	4.07
3145	0	0	4.07
3146	0	0	4.07
3147	0	0	4.07
3148	0	0	4.07
3149	0	0	4.07
3150	0	0	4.07
3151	0	0	4.07
3152	0	0	4.07
3153	0	0	4.07
3154	0	0	4.07
3155	0	0	4.07
3156	0	0	4.07
3157	0	0	4.07
3158	0	0	4.07
3159	0	0	4.07
3160	0	0	4.07
3161	0	0	4.07
3162	0	0	4.07
3163	0	0	4.07
3164	0	0	4.07
3165	0	0	4.07
3166	0	0	4.07
3167	0	0	4.22
3168	0	0	4.22
3169	0	0	4.22
3170	0	0	4.22
3171	0	0	4.22
3172	0	0	4.22
3173	0	0	4.22
3174	0	0	4.22
3175	0	0	4.22
3176	0	0	4.22
3177	0	0	4.22
3178	0	0	4.22
3179	0	0	4.22
3180	0	0	4.22
3181	0	0	4.22
3182	0	0	4.22
3183	0	0	4.22
3184	0	0	4.22
3185	0	0	4.22
3186	0	0	4.22
3187	0	0	4.22
3188	0	0	4.22
3189	0	0	4.22
3190	0	0	4.22
3191	0	0	4.22
3192	0	0	4.22
3193	0	0	4.22
3194	0	0	4.22
3195	0	0	4.17
3196	0	0	4.17
3197	0	0	4.17
3198	0	0	4.17
3199	0	0	4.17
3200	0	0	4.17
3201	0	0	4.17
3202	0	0	4.17
3203	0	0	4.17
3204	0	0	4.17
3205	0	0	4.17
3206	0	0	4.17
3207	0	0	4.17
3208	0	0	4.17
3209	0	0	4.17
3210	0	0	4.17
3211	0	0	4.17
3212	0	0	4.17
3213	0	0	4.17
3214	0	0	4.17
3215	0	0	4.17
3216	0	0	4.17
3217	0	0	4.17
3218	0	0	4.17
3219	0	0	4.17
3220	0	0	4.17
3221	0	0	4.17
3222	0	0	4.17
3223	0	0	4.17
3224	0	0	4.17
3225	0	0	4.17
3226	0	0	4.17
3227	0	0	4.17
3228	0	0	4.17
3229	0	0	4.17
3230	0	0	4.17
3231	0	0	4.17
3232	0	0	4.17
3233	0	0	4.17
3234	0	0	4.17
3235	0	0	4.17
3236	0	0	4.17
3237	0	0	4.17
3238	0	0	4.17
3239	0	0	4.17
3240	0	0	4.17
3241	0	0	4.17
3242	0	0	4.17
3243	0	0	4.17
3244	0	0	4.17
3245	0	0	4.17
3246	0	0	4.17
3247	0	0	4.17
3248	0	0	4.17
3249	0	0	4.17
3250	0	0	4.17
3251	0	0	4.17
3252	0	0	4.17
3253	0	0	4.17
3254	0	0	4.17
3255	0	0	4.17
3256	0	0	4.46
3257	0	0	4.46
3258	0	0	4.46
3259	0	0	4.46
3260	0	0	4.46
3261	0	0	4.46
3262	0	0	4.46
3263	0	0	4.46
3264	0	0	4.46
3265	0	0	4.46
3266	0	0	4.46
3267	0	0	4.46
3268	0	0	4.46
3269	0	0	4.46
3270	0	0	4.46
3271	0	0	4.46
3272	0	0	4.46
3273	0	0	4.46
3274	0	0	4.46
3275	0	0	4.46
3276	0	0	4.46
3277	0	0	4.46
3278	0	0	4.46
3279	0	0	4.46
3280	0	0	4.46
3281	0	0	4.46
3282	0	0	4.46
3283	0	0	4.46
3284	0	0	4.46
3285	0	0	4.46
3286	0	0	4.46
3287	0	0	4.46
3288	0	0	4.46
3289	0	0	4.46
3290	0	0	4.46
3291	0	0	4.46
3292	0	0	4.46
3293	0	0	4.46
3294	0	0	4.46
3295	0	0	4.46
3296	0	0	4.46
3297	0	0	4.46
3298	0	0	4.46
3299	0	0	4.46
3300	0	0	4.46
3301	0	0	4.46
3302	0	0	4.46
3303	0	0	4.46
3304	0	0	4.46
3305	0	0	4.46
3306	0	0	4.46
3307	0	0	4.46
3308	0	0	4.46
3309	0	0	4.46
3310	0	0	4.46
3311	0	0	4.46
3312	0	0	4.46
3313	0	0	4.46
3314	0	0	4.46
3315	0	0	4.46
3316	0	0	4.46
3317	0	0	5.16
3318	0	0	5.16
3319	0	0	5.16
3320	0	0	5.16
3321	0	0	5.16
3322	0	0	5.16
3323	0	0	5.16
3324	0	0	5.16
3325	0	0	5.16
3326	0	0	5.16
3327	0	0	5.16
3328	0	0	5.16
3329	0	0	5.16
3330	0	0	5.16
3331	0	0	5.16
3332	0	0	5.16
3333	0	0	5.16
3334	0	0	5.16
3335	0	0	5.16
3336	0	0	5.16
3337	0	0	5.16
3338	0	0	5.16
3339	0	0	5.16
3340	0	0	5.16
3341	0	0	5.16
3342	0	0	5.16
3343	0	0	5.16
3344	0	0	5.16
3345	0	0	5.16
3346	0	0	5.16
3347	0	0	5.16
3348	0	0	4.85
3349	0	0	4.85
3350	0	0	4.85
3351	0	0	4.85
3352	0	0	4.85
3353	0	0	4.85
3354	0	0	4.85
3355	0	0	4.85
3356	0	0	4.85
3357	0	0	4.85
3358	0	0	4.85
3359	0	0	4.85
3360	0	0	4.85
3361	0	0	4.85
3362	0	0	4.85
3363	0	0	4.85
3364	0	0	4.85
3365	0	0	4.85
3366	0	0	4.85
3367	0	0	4.85
3368	0	0	4.85
3369	0	0	4.85
3370	0	0	4.85
3371	0	0	4.85
3372	0	0	4.85
3373	0	0	4.85
3374	0	0	4.85
3375	0	0	4.85
3376	0	0	4.85
3377	0	0	4.85
3378	0	0	4.85
3379	0	0	4.35
3380	0	0	4.35
3381	0	0	4.35
3382	0	0	4.35
3383	0	0	4.35
3384	0	0	4.35
3385	0	0	4.35
3386	0	0	4.35
3387	0	0	4.35
3388	0	0	4.35
3389	0	0	4.35
3390	0	0	4.35
3391	0	0	4.35
3392	0	0	4.35
3393	0	0	4.35
3394	0	0	4.35
3395	0	0	4.35
3396	0	0	4.35
3397	0	0	4.35
3398	0	0	4.35
3399	0	0	4.35
3400	0	0	4.35
3401	0	0	4.35
3402	0	0	4.35
3403	0	0	4.35
3404	0	0	4.35
3405	0	0	4.35
3406	0	0	4.35
3407	0	0	4.35
3408	0	0	4.35
3409	0	0	4.13
3410	0	0	4.13
3411	0	0	4.13
3412	0	0	4.13
3413	0	0	4.13
3414	0	0	4.13
3415	0	0	4.13
3416	0	0	4.13
3417	0	0	4.13
3418	0	0	4.13
3419	0	0	4.13
3420	0	0	4.13
3421	0	0	4.13
3422	0	0	4.13
3423	0	0	4.13
3424	0	0	4.13
3425	0	0	4.13
3426	0	0	4.13
3427	0	0	4.13
3428	0	0	4.13
3429	0	0	4.13
3430	0	0	4.13
3431	0	0	4.13
3432	0	0	4.13
3433	0	0	4.13
3434	0	0	4.13
3435	0	0	4.13
3436	0	0	4.13
3437	0	0	4.13
3438	0	0	4.13
3439	0	0	4.13
3440	0	0	4.06
3441	0	0	4.06
3442	0	0	4.06
3443	0	0	4.06
3444	0	0	4.06
3445	0	0	4.06
3446	0	0	4.06
3447	0	0	4.06
3448	0	0	4.06
3449	0	0	4.06
3450	0	0	4.06
3451	0	0	4.06
3452	0	0	4.06
3453	0	0	4.06
3454	0	0	4.06
3455	0	0	4.06
3456	0	0	4.06
3457	0	0	4.06
3458	0	0	4.06
3459	0	0	4.06
3460	0	0	4.06
3461	0	0	4.06
3462	0	0	4.06
3463	0	0	4.06
3464	0	0	4.06
3465	0	0	4.06
3466	0	0	4.06
3467	0	0	4.06
3468	0	0	4.06
3469	0	0	4.06
3470	0	0	4.12
3471	0	0	4.12
3472	0	0	4.12
3473	0	0	4.12
3474	0	0	4.12
3475	0	0	4.12
3476	0	0	4.12
3477	0	0	4.12
3478	0	0	4.12
3479	0	0	4.12
3480	0	0	4.12
3481	0	0	4.12
3482	0	0	4.12
3483	0	0	4.12
3484	0	0	4.12
3485	0	0	4.12
3486	0	0	4.12
3487	0	0	4.12
3488	0	0	4.12
3489	0	0	4.12
3490	0	0	4.12
3491	0	0	4.12
3492	0	0	4.12
3493	0	0	4.12
3494	0	0	4.12
3495	0	0	4.12
3496	0	0	4.12
3497	0	0	4.12
3498	0	0	4.12
3499	0	0	4.12
3500	0	0	4.12
3501	0	0	4.07
3502	0	0	4.07
3503	0	0	4.07
3504	0	0	4.07
3505	0	0	4.07
3506	0	0	4.07
3507	0	0	4.07
3508	0	0	4.07
3509	0	0	4.07
3510	0	0	4.07
3511	0	0	4.07
3512	0	0	4.07
3513	0	0	4.07
3514	0	0	4.07
3515	0	0	4.07
3516	0	0	4.07
3517	0	0	4.07
3518	0	0	4.07
3519	0	0	4.07
3520	0	0	4.07
3521	0	0	4.07
3522	0	0	4.07
3523	0	0	4.07
3524	0	0	4.07
3525	0	0	4.07
3526	0	0	4.07
3527	0	0	4.07
3528	0	0	4.07
3529	0	0	4.07
3530	0	0	4.07
3531	0	0	4.07
3532	0	0	4.22
3533	0	0	4.22
3534	0	0	4.22
3535	0	0	4.22
3536	0	0	4.22
3537	0	0	4.22
3538	0	0	4.22
3539	0	0	4.22
3540	0	0	4.22
3541	0	0	4.22
3542	0	0	4.22
3543	0	0	4.22
3544	0	0	4.22
3545	0	0	4.22
3546	0	0	4.22
3547	0	0	4.22
3548	0	0	4.22
3549	0	0	4.22
3550	0	0	4.22
3551	0	0	4.22
3552	0	0	4.22
3553	0	0	4.22
3554	0	0	4.22
3555	0	0	4.22
3556	0	0	4.22
3557	0	0	4.22
3558	0	0	4.22
3559	0	0	4.22
3560	0	0	4.17
3561	0	0	4.17
3562	0	0	4.17
3563	0	0	4.17
3564	0	0	4.17
3565	0	0	4.17
3566	0	0	4.17
3567	0	0	4.17
3568	0	0	4.17
3569	0	0	4.17
3570	0	0	4.17
3571	0	0	4.17
3572	0	0	4.17
3573	0	0	4.17
3574	0	0	4.17
3575	0	0	4.17
3576	0	0	4.17
3577	0	0	4.17
3578	0	0	4.17
3579	0	0	4.17
3580	0	0	4.17
3581	0	0	4.17
3582	0	0	4.17
3583	0	0	4.17
3584	0	0	4.17
3585	0	0	4.17
3586	0	0	4.17
3587	0	0	4.17
3588	0	0	4.17
3589	0	0	4.17
3590	0	0	4.17
3591	0	0	4.17
3592	0	0	4.17
3593	0	0	4.17
3594	0	0	4.17
3595	0	0	4.17
3596	0	0	4.17
3597	0	0	4.17
3598	0	0	4.17
3599	0	0	4.17
3600	0	0	4.17
3601	0	0	4.17
3602	0	0	4.17
3603	0	0	4.17
3604	0	0	4.17
3605	0	0	4.17
3606	0	0	4.17
3607	0	0	4.17
3608	0	0	4.17
3609	0	0	4.17
3610	0	0	4.17
3611	0	0	4.17
3612	0	0	4.17
3613	0	0	4.17
3614	0	0	4.17
3615	0	0	4.17
3616	0	0	4.17
3617	0	0	4.17
3618	0	0	4.17
3619	0	0	4.17
3620	0	0	4.17
3621	0	0	4.46
3622	0	0	4.46
3623	0	0	4.46
3624	0	0	4.46
3625	0	0	4.46
3626	0	0	4.46
3627	0	0	4.46
3628	0	0	4.46
3629	0	0	4.46
3630	0	0	4.46
3631	0	0	4.46
3632	0	0	4.46
3633	0	0	4.46
3634	0	0	4.46
3635	0	0	4.46
3636	0	0	4.46
3637	0	0	4.46
3638	0	0	4.46
3639	0	0	4.46
3640	0	0	4.46
3641	0	0	4.46
3642	0	0	4.46
3643	0	0	4.46
3644	0	0	4.46
3645	0	0	4.46
3646	0	0	4.46
3647	0	0	4.46
3648	0	0	4.46
3649	0	0	4.46
3650	0	0	4.46
3651	0	0	4.46