TIME_UNITS d
DATA_UNITS mm/d
0	0.00
1	0.00
2	0.00
3	0.00
4	0.00
5	1.00
6	1.30
7	2.30
8	0.00
9	1.80
10	0.00
11	0.00
12	0.30
13	0.00
14	8.10
15	0.30
16	0.50
17	0.00
18	10.70
19	29.00
20	1.30
21	0.00
22	0.00
23	0.80
24	0.00
25	0.30
26	0.00
27	2.50
28	0.00
29	0.00
30	1.00
31	0.30
32	0.00
33	11.40
34	0.00
35	3.60
36	3.80
37	0.30
38	0.00
39	0.30
40	0.80
41	0.00
42	0.30
43	0.00
44	5.30
45	0.50
46	0.30
47	0.00
48	0.30
49	0.00
50	0.00
51	0.00
52	47.50
53	17.30
54	0.00
55	0.00
56	0.30
57	0.30
58	0.00
59	0.00
60	0.00
61	0.00
62	0.00
63	0.30
64	0.00
65	39.10
66	0.80
67	0.00
68	0.00
69	0.00
70	0.30
71	0.00
72	0.00
73	17.50
74	0.00
75	2.80
76	12.20
77	4.30
78	15.70
79	36.80
80	20.10
81	1.00
82	0.30
83	0.00
84	0.00
85	0.30
86	0.30
87	0.00
88	0.30
89	0.30
90	0.00
91	0.00
92	0.00
93	0.00
94	0.00
95	0.00
96	0.00
97	0.30
98	0.00
99	0.00
100	0.30
101	0.00
102	0.00
103	1.00
104	0.67
105	0.33
106	0.00
107	0.00
108	0.00
109	0.00
110	0.00
111	0.30
112	0.30
113	0.00
114	0.30
115	0.00
116	0.00
117	0.00
118	0.00
119	0.30
120	0.00
121	0.00
122	0.00
123	0.00
124	0.30
125	0.00
126	0.00
127	0.00
128	24.60
129	0.00
130	0.30
131	0.00
132	0.30
133	0.00
134	0.00
135	18.80
136	2.50
137	4.10
138	0.00
139	0.30
140	0.30
141	0.00
142	0.00
143	2.30
144	0.00
145	0.00
146	0.30
147	0.00
148	0.30
149	0.00
150	0.00
151	0.00
152	0.30
153	0.00
154	0.30
155	0.00
156	0.30
157	0.30
158	0.00
159	0.00
160	0.00
161	0.00
162	64.80
163	27.40
164	17.00
165	0.80
166	0.80
167	0.00
168	0.00
169	0.00
170	0.00
171	0.00
172	0.30
173	0.00
174	0.00
175	0.00
176	1.30
177	0.00
178	0.00
179	0.00
180	0.50
181	0.30
182	0.00
183	0.00
184	0.00
185	0.30
186	0.00
187	0.00
188	0.00
189	0.00
190	0.00
191	5.10
192	1.30
193	0.00
194	0.00
195	0.00
196	0.00
197	0.30
198	0.50
199	0.30
200	0.00
201	0.30
202	0.30
203	0.00
204	0.00
205	6.10
206	0.30
207	0.00
208	0.00
209	1.00
210	0.00
211	0.00
212	0.00
213	0.00
214	0.00
215	0.30
216	0.00
217	0.00
218	0.30
219	2.80
220	0.00
221	0.00
222	0.00
223	2.00
224	0.00
225	0.00
226	0.00
227	0.00
228	0.00
229	0.00
230	0.00
231	0.00
232	0.00
233	0.00
234	0.00
235	0.00
236	0.00
237	0.30
238	0.00
239	0.30
240	0.00
241	1.00
242	0.00
243	0.00
244	0.00
245	0.50
246	0.30
247	0.00
248	0.00
249	0.00
250	0.00
251	0.00
252	0.00
253	0.00
254	0.50
255	4.10
256	0.00
257	0.30
258	3.60
259	0.00
260	0.00
261	0.00
262	0.30
263	0.00
264	0.00
265	1.30
266	0.00
267	0.00
268	0.00
269	0.00
270	0.00
271	0.00
272	0.30
273	0.00
274	0.00
275	0.00
276	0.00
277	0.00
278	0.00
279	0.00
280	0.00
281	0.00
282	0.00
283	0.00
284	1.30
285	3.30
286	15.00
287	18.00
288	0.00
289	0.30
290	0.30
291	0.30
292	0.00
293	0.30
294	0.50
295	0.00
296	0.00
297	0.00
298	1.50
299	0.30
300	0.00
301	0.00
302	0.50
303	0.00
304	0.00
305	4.30
306	0.00
307	0.30
308	0.00
309	0.00
310	0.00
311	0.00
312	0.00
313	0.00
314	0.00
315	2.80
316	0.50
317	0.00
318	0.00
319	0.50
320	8.90
321	44.20
322	0.30
323	0.00
324	0.00
325	0.50
326	0.30
327	0.00
328	1.30
329	0.00
330	24.10
331	0.00
332	0.00
333	0.00
334	0.00
335	0.00
336	0.30
337	0.00
338	0.30
339	0.00
340	0.00
341	0.00
342	0.00
343	0.00
344	0.00
345	0.00
346	0.00
347	0.00
348	0.00
349	0.00
350	14.00
351	0.30
352	0.00
353	0.00
354	0.00
355	0.00
356	0.00
357	9.40
358	0.00
359	0.30
360	4.30
361	0.00
362	0.30
363	0.00
364	0.00
365	0.30
366	4.60
367	10.90
368	0.30
369	0.00
370	0.00
371	0.30
372	0.00
373	0.00
374	0.00
375	0.00
376	0.00
377	0.00
378	0.00
379	0.00
380	0.00
381	0.00
382	0.00
383	0.00
384	0.00
385	0.00
386	0.00
387	0.00
388	0.30
389	0.00
390	0.00
391	0.00
392	0.00
393	0.00
394	0.30
395	0.00
396	0.00
397	0.00
398	0.00
399	0.00
400	0.00
401	6.10
402	0.30
403	0.00
404	0.00
405	2.00
406	0.30
407	0.00
408	0.00
409	0.00
410	1.00
411	0.30
412	13.50
413	19.80
414	2.30
415	0.00
416	0.00
417	8.90
418	15.00
419	0.30
420	0.00
421	0.80
422	0.00
423	0.00
424	0.00
425	0.00
426	0.00
427	0.00
428	0.00
429	0.00
430	0.00
431	0.00
432	1.00
433	0.00
434	1.50
435	0.00
436	0.00
437	0.30
438	0.00
439	0.00
440	0.00
441	0.00
442	0.00
443	5.60
444	0.00
445	0.00
446	1.00
447	0.00
448	0.00
449	0.00
450	1.00
451	0.00
452	0.00
453	0.00
454	0.00
455	0.00
456	37.80
457	0.00
458	0.00
459	0.00
460	0.00
461	2.30
462	6.10
463	0.00
464	16.30
465	55.90
466	0.00
467	0.30
468	6.90
469	0.00
470	0.00
471	0.30
472	0.00
473	0.00
474	0.00
475	0.00
476	0.00
477	0.30
478	19.60
479	0.00
480	0.30
481	0.00
482	0.00
483	0.30
484	10.90
485	0.00
486	0.00
487	0.00
488	26.20
489	7.40
490	34.50
491	0.00
492	0.00
493	0.30
494	0.00
495	32.30
496	0.30
497	0.80
498	9.70
499	3.60
500	0.00
501	0.30
502	0.00
503	0.00
504	0.00
505	0.30
506	0.00
507	0.30
508	31.20
509	0.30
510	0.00
511	0.00
512	23.90
513	0.00
514	0.30
515	60.20
516	12.40
517	0.00
518	0.00
519	0.30
520	0.30
521	0.30
522	0.00
523	0.30
524	0.30
525	5.30
526	0.80
527	0.30
528	0.00
529	0.30
530	0.30
531	0.00
532	0.00
533	0.80
534	0.00
535	0.00
536	3.80
537	45.50
538	7.10
539	0.30
540	0.30
541	4.30
542	0.00
543	0.00
544	0.00
545	0.50
546	0.80
547	5.30
548	30.70
549	0.00
550	0.00
551	7.90
552	0.00
553	23.90
554	17.00
555	1.80
556	0.00
557	0.00
558	2.30
559	0.30
560	0.00
561	0.80
562	0.50
563	1.30
564	17.50
565	0.00
566	0.00
567	0.00
568	0.00
569	0.00
570	0.00
571	0.00
572	0.00
573	0.00
574	0.00
575	0.00
576	4.10
577	25.90
578	0.80
579	0.00
580	0.00
581	0.00
582	0.00
583	0.00
584	0.00
585	3.60
586	0.00
587	0.00
588	0.00
589	0.00
590	0.00
591	0.50
592	11.40
593	25.10
594	1.50
595	0.00
596	0.00
597	0.30
598	0.50
599	0.00
600	0.30
601	0.00
602	0.00
603	0.00
604	0.00
605	0.00
606	2.80
607	31.20
608	0.00
609	0.00
610	4.10
611	0.00
612	22.10
613	11.40
614	0.50
615	0.00
616	0.00
617	2.00
618	0.00
619	0.00
620	40.40
621	0.80
622	0.00
623	4.30
624	0.30
625	0.00
626	0.00
627	0.00
628	1.00
629	0.30
630	0.00
631	0.00
632	1.30
633	0.00
634	0.00
635	2.00
636	0.00
637	0.00
638	13.50
639	0.00
640	0.00
641	0.00
642	0.00
643	0.00
644	0.00
645	6.30
646	0.00
647	0.00
648	0.00
649	0.00
650	0.00
651	0.00
652	0.30
653	7.60
654	0.00
655	0.00
656	0.30
657	0.00
658	0.00
659	0.00
660	0.00
661	1.80
662	1.00
663	0.00
664	0.00
665	0.00
666	0.00
667	0.00
668	0.30
669	0.00
670	0.30
671	0.00
672	0.00
673	0.00
674	0.00
675	0.30
676	0.30
677	0.00
678	3.60
679	0.00
680	0.30
681	0.00
682	0.00
683	0.30
684	0.00
685	0.00
686	0.00
687	0.00
688	0.00
689	0.00
690	0.00
691	0.00
692	0.50
693	0.00
694	0.00
695	0.00
696	0.30
697	0.00
698	0.50
699	0.00
700	0.00
701	0.00
702	0.00
703	0.30
704	0.00
705	0.00
706	0.00
707	0.00
708	0.00
709	0.00
710	0.00
711	0.00
712	19.80
713	12.70
714	0.30
715	0.00
716	4.80
717	0.30
718	0.00
719	0.00
720	0.00
721	0.00
722	0.00
723	0.00
724	0.00
725	5.30
726	0.00
727	21.10
728	0.00
729	0.30
730	0.00
731	0.00
732	0.00
733	0.00
734	0.00
735	0.00
736	0.00
737	0.00
738	0.00
739	0.00
740	0.00
741	0.00
742	0.00
743	0.00
744	0.00
745	0.00
746	0.00
747	0.00
748	0.00
749	0.00
750	0.00
751	0.00
752	0.00
753	26.20
754	18.00
755	0.30
756	0.00
757	6.10
758	7.60
759	38.90
760	68.30
761	54.60
762	3.00
763	0.00
764	0.00
765	0.00
766	30.70
767	27.40
768	0.00
769	0.00
770	0.30
771	0.00
772	0.00
773	0.00
774	0.00
775	0.00
776	2.00
777	13.20
778	18.00
779	8.90
780	2.00
781	2.80
782	0.00
783	0.00
784	0.50
785	8.10
786	5.60
787	4.80
788	0.00
789	0.00
790	0.30
791	0.30
792	0.00
793	0.00
794	0.00
795	0.00
796	0.00
797	19.60
798	0.00
799	0.00
800	0.30
801	0.00
802	0.00
803	12.20
804	0.30
805	0.00
806	26.70
807	0.00
808	0.00
809	2.30
810	0.00
811	0.00
812	0.00
813	1.00
814	0.00
815	0.00
816	0.00
817	0.00
818	0.00
819	0.50
820	0.30
821	3.30
822	0.50
823	0.30
824	0.30
825	13.50
826	0.30
827	14.20
828	28.70
829	0.00
830	0.00
831	5.10
832	0.00
833	0.30
834	0.00
835	0.30
836	0.00
837	0.30
838	40.10
839	60.20
840	17.80
841	2.30
842	47.00
843	0.00
844	1.00
845	1.30
846	8.10
847	0.30
848	0.00
849	0.00
850	0.30
851	0.00
852	0.00
853	0.30
854	0.00
855	0.00
856	0.00
857	0.30
858	0.00
859	0.00
860	0.30
861	0.00
862	0.00
863	0.30
864	0.00
865	0.00
866	0.00
867	0.00
868	0.30
869	0.00
870	0.00
871	0.00
872	0.30
873	0.50
874	0.00
875	1.00
876	0.00
877	0.00
878	0.00
879	0.50
880	0.00
881	0.00
882	0.00
883	12.40
884	37.30
885	8.90
886	0.00
887	0.00
888	0.00
889	0.00
890	0.00
891	0.30
892	3.80
893	5.10
894	0.30
895	4.60
896	11.20
897	0.00
898	0.30
899	0.00
900	0.00
901	0.00
902	0.00
903	0.00
904	0.00
905	0.30
906	0.00
907	0.50
908	13.00
909	0.00
910	0.00
911	0.50
912	3.00
913	0.00
914	0.00
915	0.00
916	0.30
917	0.00
918	0.00
919	1.00
920	3.00
921	0.00
922	0.00
923	0.00
924	0.00
925	0.00
926	0.00
927	0.00
928	0.00
929	0.00
930	0.00
931	0.00
932	0.00
933	0.30
934	0.30
935	0.00
936	23.10
937	0.00
938	0.00
939	0.00
940	0.00
941	14.00
942	0.00
943	0.00
944	0.00
945	0.00
946	0.00
947	0.30
948	0.30
949	0.00
950	0.00
951	0.00
952	21.80
953	0.00
954	0.00
955	0.00
956	0.00
957	0.00
958	0.30
959	16.80
960	7.10
961	0.00
962	0.00
963	0.50
964	0.30
965	0.00
966	1.50
967	33.80
968	0.00
969	0.00
970	0.00
971	0.00
972	0.00
973	7.10
974	0.00
975	16.30
976	0.00
977	0.00
978	0.00
979	0.00
980	0.00
981	0.00
982	0.00
983	12.20
984	0.00
985	0.00
986	0.00
987	0.00
988	0.00
989	0.30
990	0.00
991	0.00
992	0.00
993	0.00
994	0.00
995	0.00
996	0.00
997	0.00
998	0.00
999	0.30
1000	0.30
1001	0.00
1002	0.00
1003	0.00
1004	0.00
1005	0.00
1006	0.00
1007	19.10
1008	0.00
1009	0.00
1010	0.30
1011	0.00
1012	0.00
1013	0.00
1014	0.00
1015	0.00
1016	15.00
1017	0.00
1018	0.00
1019	0.00
1020	0.00
1021	0.30
1022	0.00
1023	0.00
1024	0.00
1025	0.00
1026	0.00
1027	0.00
1028	0.00
1029	0.00
1030	0.00
1031	0.30
1032	0.00
1033	0.00
1034	0.00
1035	0.00
1036	0.30
1037	0.00
1038	0.00
1039	0.00
1040	0.00
1041	0.00
1042	0.00
1043	0.00
1044	1.00
1045	0.00
1046	0.00
1047	0.00
1048	0.00
1049	0.00
1050	0.00
1051	0.00
1052	0.00
1053	0.00
1054	0.00
1055	0.00
1056	0.00
1057	0.00
1058	0.00
1059	0.00
1060	0.00
1061	0.00
1062	0.00
1063	0.00
1064	0.00
1065	0.00
1066	0.00
1067	0.00
1068	0.00
1069	0.00
1070	0.00
1071	0.00
1072	0.00
1073	0.00
1074	0.30
1075	7.10
1076	0.00
1077	0.00
1078	0.00
1079	0.00
1080	0.00
1081	0.00
1082	0.00
1083	0.00
1084	0.00
1085	0.00
1086	0.00
1087	0.00
1088	0.00
1089	0.00
1090	0.00
1091	0.00
1092	0.00
1093	0.00
1094	0.00
1095	0.00
1096	0.00
1097	0.00
1098	0.00
1099	0.00
1100	0.00
1101	0.00
1102	0.00
1103	0.00
1104	0.00
1105	0.00
1106	0.00
1107	0.00
1108	0.00
1109	0.00
1110	0.00
1111	0.00
1112	0.00
1113	0.00
1114	0.00
1115	1.50
1116	37.60
1117	0.00
1118	4.10
1119	0.00
1120	0.00
1121	0.00
1122	0.00
1123	0.00
1124	0.00
1125	0.00
1126	3.00
1127	0.00
1128	0.00
1129	0.00
1130	0.50
1131	2.00
1132	0.00
1133	0.00
1134	0.00
1135	5.80
1136	0.00
1137	0.00
1138	0.00
1139	0.00
1140	0.00
1141	0.00
1142	1.00
1143	1.50
1144	3.60
1145	0.00
1146	0.00
1147	0.00
1148	0.00
1149	3.80
1150	0.00
1151	0.00
1152	6.40
1153	0.50
1154	6.60
1155	0.00
1156	7.40
1157	0.00
1158	0.00
1159	0.00
1160	0.00
1161	0.00
1162	0.00
1163	0.00
1164	0.00
1165	0.00
1166	0.00
1167	0.00
1168	0.00
1169	0.00
1170	0.00
1171	0.00
1172	0.00
1173	0.00
1174	0.00
1175	0.00
1176	0.00
1177	0.00
1178	0.00
1179	0.00
1180	23.10
1181	0.00
1182	0.00
1183	0.00
1184	0.00
1185	0.00
1186	0.00
1187	0.00
1188	0.00
1189	0.00
1190	1.30
1191	0.00
1192	0.00
1193	0.00
1194	0.00
1195	0.00
1196	0.00
1197	0.00
1198	0.00
1199	0.00
1200	0.00
1201	0.00
1202	0.00
1203	5.30
1204	11.90
1205	7.60
1206	0.00
1207	0.00
1208	0.00
1209	0.00
1210	0.00
1211	0.00
1212	0.00
1213	0.00
1214	0.00
1215	9.90
1216	0.00
1217	0.00
1218	0.00
1219	0.00
1220	0.00
1221	0.00
1222	0.30
1223	0.00
1224	1.80
1225	32.50
1226	0.00
1227	0.00
1228	0.00
1229	0.00
1230	0.00
1231	0.00
1232	0.00
1233	0.00
1234	0.00
1235	0.00
1236	0.00
1237	0.00
1238	0.00
1239	0.00
1240	0.00
1241	0.00
1242	0.00
1243	1.30
1244	0.00
1245	0.00
1246	0.00
1247	0.00
1248	0.00
1249	0.00
1250	6.10
1251	0.00
1252	0.00
1253	0.00
1254	0.00
1255	1.00
1256	2.00
1257	0.00
1258	0.00
1259	0.80
1260	0.30
1261	0.00
1262	24.40
1263	0.00
1264	0.00
1265	0.00
1266	0.00
1267	0.00
1268	0.00
1269	25.70
1270	0.00
1271	0.00
1272	0.00
1273	12.40
1274	0.00
1275	0.00
1276	0.00
1277	0.00
1278	0.00
1279	0.00
1280	0.00
1281	8.60
1282	9.40
1283	0.00
1284	0.00
1285	0.00
1286	0.00
1287	0.00
1288	0.30
1289	0.00
1290	0.00
1291	0.00
1292	0.00
1293	0.00
1294	0.00
1295	0.00
1296	3.00
1297	35.10
1298	0.00
1299	45.00
1300	0.00
1301	15.20
1302	1.00
1303	0.00
1304	0.00
1305	0.00
1306	0.00
1307	0.00
1308	0.00
1309	0.00
1310	0.00
1311	0.00
1312	0.00
1313	0.00
1314	0.00
1315	0.00
1316	0.00
1317	74.40
1318	0.00
1319	0.00
1320	0.00
1321	0.00
1322	0.00
1323	0.00
1324	0.00
1325	0.00
1326	0.00
1327	0.00
1328	0.00
1329	0.00
1330	0.00
1331	0.00
1332	0.00
1333	10.40
1334	0.00
1335	0.00
1336	0.00
1337	0.00
1338	0.00
1339	6.10
1340	4.60
1341	0.50
1342	0.00
1343	31.20
1344	15.20
1345	0.00
1346	0.00
1347	0.00
1348	0.30
1349	28.40
1350	0.00
1351	0.80
1352	24.60
1353	0.00
1354	0.30
1355	0.00
1356	4.30
1357	21.80
1358	0.00
1359	0.00
1360	0.00
1361	0.00
1362	0.00
1363	0.00
1364	0.30
1365	0.00
1366	2.30
1367	1.15
1368	0.00
1369	0.00
1370	0.00
1371	8.10
1372	0.00
1373	0.00
1374	0.00
1375	0.00
1376	0.30
1377	11.90
1378	14.50
1379	29.00
1380	0.00
1381	0.00
1382	0.00
1383	0.00
1384	0.00
1385	0.00
1386	0.00
1387	0.00
1388	20.60
1389	0.00
1390	0.00
1391	0.00
1392	0.00
1393	0.00
1394	0.00
1395	0.00
1396	0.00
1397	36.60
1398	0.00
1399	0.00
1400	0.00
1401	2.50
1402	0.00
1403	0.00
1404	0.00
1405	0.00
1406	0.00
1407	0.00
1408	0.00
1409	0.00
1410	0.00
1411	0.00
1412	0.00
1413	0.00
1414	8.40
1415	75.90
1416	0.00
1417	0.00
1418	0.00
1419	10.90
1420	0.00
1421	0.00
1422	0.00
1423	0.00
1424	0.00
1425	0.00
1426	0.00
1427	0.00
1428	0.00
1429	0.00
1430	0.00
1431	0.00
1432	0.00
1433	0.00
1434	0.00
1435	0.00
1436	8.10
1437	33.80
1438	0.00
1439	4.30
1440	32.80
1441	18.30
1442	0.00
1443	0.00
1444	0.00
1445	0.00
1446	0.00
1447	0.00
1448	0.00
1449	0.00
1450	0.00
1451	0.00
1452	0.00
1453	0.00
1454	0.00
1455	0.00
1456	0.00
1457	0.00
1458	0.00
1459	0.00
1460	7.10
1461	0.00
1462	0.00
1463	0.00
1464	0.00
1465	0.00
1466	0.00
1467	0.00
1468	3.30
1469	0.00
1470	0.00
1471	0.00
1472	0.00
1473	4.10
1474	0.00
1475	0.00
1476	0.50
1477	0.00
1478	0.00
1479	14.20
1480	0.00
1481	0.00
1482	0.00
1483	0.00
1484	0.00
1485	0.00
1486	0.00
1487	0.00
1488	0.00
1489	0.30
1490	0.50
1491	13.00
1492	0.00
1493	0.00
1494	0.00
1495	0.00
1496	6.60
1497	0.00
1498	1.80
1499	8.90
1500	21.10
1501	39.60
1502	11.40
1503	0.00
1504	5.60
1505	0.50
1506	0.00
1507	31.80
1508	0.00
1509	1.00
1510	0.00
1511	0.00
1512	0.00
1513	15.50
1514	0.00
1515	0.00
1516	0.00
1517	0.00
1518	0.00
1519	0.00
1520	0.00
1521	0.00
1522	0.00
1523	0.00
1524	0.00
1525	0.00
1526	4.80
1527	0.00
1528	0.00
1529	0.00
1530	0.50
1531	0.00
1532	0.00
1533	0.00
1534	0.00
1535	0.00
1536	0.00
1537	0.00
1538	0.00
1539	0.30
1540	20.30
1541	0.00
1542	0.00
1543	1.80
1544	0.50
1545	3.00
1546	8.10
1547	0.00
1548	0.00
1549	0.00
1550	0.00
1551	0.00
1552	0.00
1553	0.80
1554	0.00
1555	0.00
1556	0.00
1557	0.00
1558	0.00
1559	0.00
1560	0.00
1561	0.00
1562	0.00
1563	0.00
1564	8.60
1565	0.00
1566	2.80
1567	0.00
1568	0.50
1569	4.30
1570	0.00
1571	0.00
1572	0.00
1573	0.00
1574	0.00
1575	0.00
1576	0.00
1577	0.00
1578	0.00
1579	0.00
1580	2.00
1581	33.00
1582	0.00
1583	0.00
1584	0.00
1585	0.00
1586	0.00
1587	0.00
1588	0.00
1589	0.00
1590	0.00
1591	0.00
1592	0.00
1593	0.00
1594	0.00
1595	0.00
1596	0.00
1597	0.00
1598	13.00
1599	0.00
1600	0.00
1601	0.00
1602	0.00
1603	0.00
1604	0.00
1605	0.00
1606	0.00
1607	0.00
1608	0.00
1609	0.00
1610	0.00
1611	0.00
1612	0.00
1613	0.00
1614	0.00
1615	0.00
1616	0.30
1617	0.30
1618	16.00
1619	0.00
1620	0.00
1621	0.00
1622	0.00
1623	0.30
1624	0.30
1625	1.00
1626	0.00
1627	0.00
1628	0.00
1629	0.00
1630	0.00
1631	0.00
1632	0.00
1633	0.00
1634	0.00
1635	0.00
1636	5.30
1637	0.00
1638	0.00
1639	0.00
1640	1.00
1641	0.00
1642	0.00
1643	68.10
1644	0.00
1645	0.00
1646	3.30
1647	10.90
1648	0.00
1649	0.00
1650	0.00
1651	0.00
1652	0.00
1653	2.80
1654	0.00
1655	0.00
1656	0.00
1657	0.00
1658	0.00
1659	15.00
1660	0.00
1661	0.00
1662	0.00
1663	3.30
1664	0.00
1665	0.00
1666	0.00
1667	0.30
1668	0.00
1669	0.00
1670	2.00
1671	4.10
1672	0.00
1673	0.00
1674	9.90
1675	0.80
1676	0.00
1677	0.00
1678	0.00
1679	3.80
1680	0.00
1681	0.00
1682	35.30
1683	24.40
1684	0.00
1685	0.00
1686	0.00
1687	2.00
1688	0.00
1689	0.00
1690	0.00
1691	0.00
1692	0.00
1693	0.00
1694	0.00
1695	0.00
1696	0.00
1697	0.00
1698	0.00
1699	0.00
1700	0.00
1701	0.00
1702	0.00
1703	0.80
1704	0.00
1705	0.00
1706	0.00
1707	0.00
1708	0.00
1709	0.00
1710	0.00
1711	25.90
1712	0.00
1713	0.00
1714	0.00
1715	0.30
1716	0.80
1717	0.80
1718	0.50
1719	0.00
1720	0.00
1721	0.00
1722	0.00
1723	0.00
1724	0.30
1725	0.50
1726	4.30
1727	0.00
1728	0.00
1729	0.00
1730	0.00
1731	0.00
1732	0.00
1733	0.00
1734	0.00
1735	0.00
1736	0.00
1737	0.00
1738	0.00
1739	0.00
1740	0.00
1741	0.00
1742	0.00
1743	5.30
1744	0.00
1745	0.00
1746	0.00
1747	0.00
1748	0.00
1749	0.00
1750	0.00
1751	0.00
1752	0.00
1753	0.00
1754	0.00
1755	0.30
1756	0.00
1757	0.00
1758	0.00
1759	0.00
1760	0.00
1761	0.00
1762	0.00
1763	0.00
1764	0.50
1765	0.00
1766	21.60
1767	5.60
1768	0.00
1769	0.00
1770	0.00
1771	0.00
1772	0.00
1773	0.00
1774	1.00
1775	29.70
1776	0.00
1777	0.00
1778	0.00
1779	0.00
1780	0.00
1781	0.00
1782	2.00
1783	0.00
1784	0.00
1785	0.00
1786	0.00
1787	0.00
1788	2.50
1789	0.00
1790	0.00
1791	4.30
1792	2.00
1793	2.50
1794	3.30
1795	0.00
1796	0.00
1797	0.00
1798	0.00
1799	0.00
1800	0.00
1801	0.00
1802	0.00
1803	0.00
1804	17.80
1805	0.00
1806	0.00
1807	0.00
1808	0.00
1809	6.90
1810	0.00
1811	0.00
1812	0.00
1813	0.00
1814	0.00
1815	0.00
1816	0.00
1817	0.00
1818	0.00
1819	0.00
1820	0.00
1821	0.00
1822	0.00
1823	0.00
1824	0.00
1825	0.00
1826	0.00
1827	5.60
1828	0.00
1829	0.00
1830	0.00
1831	11.90
1832	0.00
1833	0.00
1834	24.60
1835	0.00
1836	1.30
1837	0.80
1838	0.00
1839	0.00
1840	0.00
1841	0.00
1842	0.00
1843	0.00
1844	0.00
1845	0.00
1846	0.00
1847	0.00
1848	0.30
1849	0.00
1850	0.00
1851	0.00
1852	0.00
1853	0.00
1854	0.00
1855	0.00
1856	0.00
1857	0.00
1858	0.00
1859	0.00
1860	0.00
1861	0.00
1862	0.30
1863	8.90
1864	0.00
1865	0.30
1866	0.00
1867	0.00
1868	0.00
1869	0.00
1870	9.70
1871	1.80
1872	0.80
1873	0.30
1874	17.00
1875	0.00
1876	12.40
1877	0.00
1878	0.00
1879	0.00
1880	0.00
1881	0.00
1882	0.00
1883	0.00
1884	0.00
1885	0.00
1886	0.00
1887	0.00
1888	0.00
1889	0.00
1890	0.30
1891	0.00
1892	0.00
1893	0.00
1894	0.00
1895	0.00
1896	9.90
1897	0.00
1898	0.50
1899	0.00
1900	0.00
1901	5.10
1902	4.60
1903	0.00
1904	3.80
1905	0.00
1906	15.20
1907	0.00
1908	0.30
1909	0.00
1910	0.00
1911	2.00
1912	55.90
1913	3.30
1914	0.00
1915	0.00
1916	0.00
1917	0.00
1918	0.00
1919	0.30
1920	0.00
1921	0.00
1922	0.30
1923	9.90
1924	5.80
1925	1.50
1926	6.10
1927	13.00
1928	0.00
1929	0.00
1930	0.00
1931	0.00
1932	2.00
1933	0.00
1934	0.00
1935	0.00
1936	8.10
1937	21.30
1938	20.80
1939	0.00
1940	0.30
1941	0.00
1942	0.00
1943	0.00
1944	0.00
1945	3.80
1946	10.40
1947	0.00
1948	36.10
1949	17.00
1950	0.00
1951	0.00
1952	0.00
1953	2.80
1954	0.00
1955	0.00
1956	0.00
1957	0.00
1958	0.00
1959	3.80
1960	18.80
1961	0.00
1962	0.00
1963	0.50
1964	0.00
1965	0.80
1966	2.30
1967	0.00
1968	7.60
1969	0.00
1970	0.00
1971	0.00
1972	0.00
1973	0.00
1974	5.60
1975	0.00
1976	0.00
1977	12.70
1978	69.10
1979	2.80
1980	0.00
1981	0.00
1982	2.30
1983	0.30
1984	0.30
1985	0.00
1986	0.00
1987	0.00
1988	0.00
1989	0.00
1990	0.00
1991	0.00
1992	0.00
1993	0.00
1994	0.00
1995	0.00
1996	0.30
1997	0.00
1998	1.30
1999	0.30
2000	15.20
2001	0.50
2002	0.30
2003	17.00
2004	10.20
2005	0.00
2006	0.00
2007	0.00
2008	0.00
2009	0.00
2010	0.00
2011	0.00
2012	0.00
2013	0.30
2014	0.30
2015	0.00
2016	0.00
2017	0.80
2018	0.00
2019	0.00
2020	0.00
2021	0.80
2022	0.00
2023	0.00
2024	0.00
2025	0.00
2026	0.00
2027	0.00
2028	0.00
2029	5.80
2030	0.30
2031	0.00
2032	0.00
2033	0.00
2034	0.00
2035	0.30
2036	0.00
2037	0.00
2038	0.00
2039	0.50
2040	0.30
2041	0.00
2042	0.00
2043	0.00
2044	0.80
2045	0.00
2046	0.00
2047	3.80
2048	0.00
2049	0.00
2050	0.00
2051	1.30
2052	2.50
2053	0.00
2054	0.00
2055	0.00
2056	0.00
2057	0.00
2058	0.00
2059	0.00
2060	0.00
2061	0.00
2062	3.80
2063	3.60
2064	0.00
2065	0.00
2066	0.00
2067	2.30
2068	0.00
2069	0.00
2070	0.00
2071	0.00
2072	6.10
2073	0.00
2074	2.50
2075	0.00
2076	0.00
2077	0.00
2078	0.00
2079	0.00
2080	4.10
2081	3.60
2082	0.00
2083	0.00
2084	0.00
2085	0.00
2086	0.00
2087	0.00
2088	0.00
2089	0.00
2090	0.00
2091	0.00
2092	0.00
2093	1.00
2094	0.00
2095	0.00
2096	3.00
2097	0.00
2098	0.00
2099	0.00
2100	0.80
2101	0.00
2102	27.40
2103	0.80
2104	0.00
2105	0.00
2106	0.50
2107	1.00
2108	0.00
2109	0.00
2110	0.00
2111	0.00
2112	0.00
2113	0.30
2114	0.30
2115	0.00
2116	0.00
2117	0.00
2118	0.00
2119	0.00
2120	0.00
2121	9.70
2122	3.30
2123	0.00
2124	3.00
2125	0.00
2126	0.00
2127	0.00
2128	0.00
2129	0.00
2130	0.80
2131	0.00
2132	0.00
2133	3.60
2134	0.00
2135	5.80
2136	0.00
2137	0.00
2138	0.00
2139	0.00
2140	0.00
2141	0.00
2142	0.00
2143	4.30
2144	0.00
2145	0.00
2146	2.30
2147	0.00
2148	0.00
2149	0.00
2150	0.00
2151	0.00
2152	0.00
2153	0.00
2154	0.00
2155	0.00
2156	0.00
2157	0.00
2158	0.00
2159	0.00
2160	0.00
2161	0.00
2162	0.00
2163	0.00
2164	0.00
2165	0.00
2166	0.00
2167	1.00
2168	3.00
2169	0.00
2170	0.00
2171	0.00
2172	33.00
2173	0.00
2174	0.00
2175	0.00
2176	0.00
2177	0.00
2178	0.00
2179	0.00
2180	0.00
2181	0.00
2182	0.00
2183	0.00
2184	0.00
2185	1.00
2186	20.10
2187	94.50
2188	0.00
2189	4.30
2190	0.30
2191	0.00
2192	0.00
2193	0.50
2194	0.00
2195	0.00
2196	0.00
2197	0.00
2198	0.00
2199	0.30
2200	0.00
2201	0.00
2202	0.00
2203	0.30
2204	0.00
2205	0.00
2206	0.00
2207	0.00
2208	0.30
2209	0.00
2210	16.80
2211	11.20
2212	0.00
2213	0.00
2214	0.80
2215	36.10
2216	33.50
2217	0.00
2218	0.50
2219	0.00
2220	0.00
2221	0.00
2222	0.00
2223	0.00
2224	0.00
2225	0.50
2226	7.10
2227	0.00
2228	0.00
2229	0.00
2230	0.50
2231	0.00
2232	0.00
2233	0.00
2234	5.30
2235	0.00
2236	1.00
2237	0.50
2238	1.50
2239	13.20
2240	53.80
2241	0.00
2242	0.00
2243	7.40
2244	0.00
2245	0.00
2246	0.00
2247	0.00
2248	0.00
2249	16.00
2250	0.00
2251	0.00
2252	2.30
2253	0.00
2254	0.00
2255	0.50
2256	0.50
2257	0.00
2258	0.00
2259	0.00
2260	5.30
2261	1.50
2262	0.50
2263	0.00
2264	0.00
2265	0.00
2266	0.00
2267	0.00
2268	0.00
2269	10.70
2270	0.00
2271	0.30
2272	0.00
2273	0.00
2274	0.00
2275	0.00
2276	0.00
2277	0.00
2278	0.80
2279	11.40
2280	17.00
2281	0.00
2282	55.10
2283	2.80
2284	0.30
2285	0.00
2286	2.00
2287	0.00
2288	0.00
2289	0.00
2290	0.00
2291	0.00
2292	0.00
2293	0.00
2294	24.90
2295	6.60
2296	0.00
2297	0.00
2298	31.50
2299	5.10
2300	43.90
2301	31.80
2302	0.00
2303	0.00
2304	1.80
2305	0.00
2306	0.00
2307	3.00
2308	0.00
2309	0.00
2310	1.00
2311	0.00
2312	0.00
2313	0.00
2314	0.00
2315	21.80
2316	0.00
2317	0.00
2318	19.80
2319	0.00
2320	0.00
2321	0.80
2322	0.00
2323	30.20
2324	0.00
2325	15.20
2326	0.00
2327	0.00
2328	0.00
2329	0.00
2330	0.00
2331	0.00
2332	0.00
2333	0.00
2334	0.00
2335	0.00
2336	0.00
2337	0.00
2338	0.00
2339	0.00
2340	0.00
2341	0.00
2342	0.00
2343	0.00
2344	0.00
2345	0.00
2346	0.00
2347	5.30
2348	2.00
2349	9.70
2350	0.00
2351	0.00
2352	0.00
2353	0.00
2354	6.40
2355	2.80
2356	11.90
2357	0.00
2358	9.40
2359	11.40
2360	0.00
2361	0.00
2362	0.00
2363	2.80
2364	13.50
2365	39.10
2366	2.30
2367	0.00
2368	0.00
2369	0.00
2370	0.00
2371	0.00
2372	0.00
2373	0.00
2374	1.00
2375	0.00
2376	0.00
2377	0.80
2378	6.60
2379	0.00
2380	0.00
2381	0.00
2382	0.00
2383	0.00
2384	0.00
2385	0.00
2386	0.30
2387	0.00
2388	0.00
2389	0.00
2390	0.00
2391	26.90
2392	25.70
2393	0.00
2394	0.00
2395	0.00
2396	0.50
2397	0.00
2398	0.00
2399	0.00
2400	11.90
2401	9.70
2402	0.00
2403	0.00
2404	0.00
2405	1.50
2406	3.60
2407	13.20
2408	0.00
2409	0.00
2410	0.00
2411	0.00
2412	0.00
2413	0.30
2414	9.40
2415	22.10
2416	0.00
2417	0.00
2418	0.30
2419	1.30
2420	0.00
2421	0.00
2422	0.00
2423	0.00
2424	0.00
2425	0.00
2426	93.20
2427	0.30
2428	0.00
2429	0.00
2430	0.00
2431	0.00
2432	0.00
2433	0.00
2434	0.00
2435	0.00
2436	0.30
2437	0.00
2438	6.40
2439	1.30
2440	0.00
2441	0.00
2442	0.00
2443	0.00
2444	0.00
2445	0.00
2446	0.00
2447	0.00
2448	0.00
2449	0.00
2450	0.00
2451	4.10
2452	0.50
2453	0.00
2454	0.00
2455	0.00
2456	2.30
2457	0.80
2458	0.30
2459	0.00
2460	0.80
2461	0.00
2462	0.00
2463	0.00
2464	6.90
2465	0.00
2466	0.00
2467	0.80
2468	6.60
2469	0.00
2470	0.00
2471	16.00
2472	25.70
2473	0.00
2474	7.90
2475	13.50
2476	1.80
2477	0.00
2478	0.00
2479	0.00
2480	0.00
2481	3.30
2482	0.00
2483	0.00
2484	82.00
2485	0.00
2486	0.00
2487	0.00
2488	0.00
2489	4.10
2490	0.00
2491	0.00
2492	0.00
2493	0.00
2494	0.00
2495	0.00
2496	0.00
2497	0.00
2498	0.00
2499	0.30
2500	0.00
2501	0.00
2502	0.00
2503	0.00
2504	3.30
2505	0.00
2506	0.00
2507	0.00
2508	51.80
2509	0.00
2510	0.30
2511	11.70
2512	6.90
2513	0.80
2514	0.00
2515	0.00
2516	1.80
2517	0.00
2518	1.30
2519	40.60
2520	1.00
2521	0.00
2522	0.00
2523	0.00
2524	0.00
2525	0.00
2526	0.00
2527	0.00
2528	0.00
2529	0.00
2530	0.80
2531	0.00
2532	0.00
2533	0.00
2534	0.00
2535	25.70
2536	162.10
2537	4.80
2538	0.00
2539	4.10
2540	0.00
2541	0.00
2542	0.00
2543	0.00
2544	0.00
2545	23.10
2546	0.50
2547	0.00
2548	11.20
2549	0.00
2550	2.00
2551	0.30
2552	0.00
2553	4.60
2554	1.50
2555	0.00
2556	0.00
2557	0.00
2558	0.00
2559	0.00
2560	0.00
2561	0.00
2562	0.00
2563	0.50
2564	0.00
2565	0.00
2566	0.00
2567	0.00
2568	38.10
2569	8.60
2570	5.80
2571	25.10
2572	23.90
2573	0.00
2574	0.00
2575	1.80
2576	0.00
2577	0.00
2578	0.00
2579	0.00
2580	4.30
2581	0.00
2582	7.90
2583	6.10
2584	0.00
2585	15.20
2586	2.00
2587	0.00
2588	2.80
2589	2.30
2590	0.00
2591	0.00
2592	0.00
2593	0.00
2594	0.00
2595	0.00
2596	0.00
2597	0.00
2598	0.00
2599	0.00
2600	0.00
2601	0.00
2602	0.80
2603	0.00
2604	0.00
2605	0.00
2606	0.00
2607	0.00
2608	0.00
2609	0.00
2610	0.00
2611	0.00
2612	0.00
2613	0.00
2614	7.60
2615	0.00
2616	0.00
2617	0.00
2618	0.00
2619	0.00
2620	0.00
2621	0.00
2622	0.00
2623	0.00
2624	0.00
2625	0.00
2626	0.00
2627	0.00
2628	0.00
2629	0.00
2630	0.00
2631	0.00
2632	0.00
2633	0.00
2634	0.00
2635	0.00
2636	106.90
2637	3.30
2638	2.30
2639	0.00
2640	0.00
2641	6.90
2642	0.00
2643	0.00
2644	0.00
2645	0.00
2646	0.00
2647	1.30
2648	10.40
2649	47.20
2650	0.30
2651	0.80
2652	0.50
2653	0.00
2654	0.30
2655	6.60
2656	0.30
2657	3.80
2658	64.30
2659	0.00
2660	0.00
2661	6.10
2662	2.00
2663	1.50
2664	0.00
2665	0.00
2666	0.00
2667	0.00
2668	0.00
2669	0.00
2670	0.00
2671	0.00
2672	0.00
2673	0.50
2674	29.50
2675	0.00
2676	2.00
2677	0.00
2678	0.00
2679	0.00
2680	0.00
2681	0.00
2682	0.00
2683	0.00
2684	0.00
2685	0.00
2686	0.00
2687	0.00
2688	0.00
2689	0.00
2690	4.60
2691	0.00
2692	0.00
2693	0.00
2694	0.00
2695	0.00
2696	0.00
2697	0.30
2698	0.30
2699	1.30
2700	0.00
2701	113.00
2702	33.50
2703	0.00
2704	0.00
2705	0.00
2706	0.00
2707	5.80
2708	68.10
2709	2.00
2710	0.00
2711	0.00
2712	0.00
2713	0.00
2714	0.00
2715	5.10
2716	0.00
2717	0.00
2718	0.00
2719	0.00
2720	2.80
2721	0.00
2722	0.00
2723	0.00
2724	0.00
2725	23.10
2726	0.00
2727	0.00
2728	0.00
2729	11.70
2730	0.00
2731	0.00
2732	0.00
2733	0.00
2734	0.00
2735	1.00
2736	8.40
2737	1.00
2738	0.30
2739	0.50
2740	0.50
2741	0.00
2742	0.00
2743	0.00
2744	0.00
2745	0.00
2746	0.00
2747	0.00
2748	0.00
2749	0.00
2750	0.30
2751	38.60
2752	0.00
2753	0.00
2754	1.00
2755	0.00
2756	0.00
2757	0.00
2758	0.00
2759	0.00
2760	0.00
2761	0.00
2762	0.00
2763	0.50
2764	0.30
2765	7.60
2766	0.30
2767	0.00
2768	0.30
2769	0.00
2770	3.00
2771	4.80
2772	0.80
2773	0.00
2774	0.00
2775	17.80
2776	1.30
2777	1.80
2778	0.00
2779	0.00
2780	0.00
2781	0.00
2782	0.00
2783	1.50
2784	0.00
2785	18.50
2786	0.00
2787	0.00
2788	0.00
2789	0.00
2790	6.60
2791	0.00
2792	0.00
2793	0.00
2794	12.20
2795	23.10
2796	0.00
2797	0.00
2798	0.00
2799	0.00
2800	0.00
2801	0.00
2802	0.30
2803	0.00
2804	0.00
2805	0.00
2806	2.30
2807	0.00
2808	0.00
2809	0.00
2810	0.00
2811	0.00
2812	0.00
2813	0.00
2814	0.00
2815	0.00
2816	0.00
2817	0.00
2818	0.00
2819	0.00
2820	0.00
2821	0.00
2822	5.60
2823	30.00
2824	0.00
2825	0.00
2826	0.00
2827	0.00
2828	0.00
2829	0.00
2830	0.30
2831	0.00
2832	0.00
2833	0.00
2834	0.00
2835	0.00
2836	0.00
2837	4.30
2838	68.10
2839	3.30
2840	0.30
2841	9.70
2842	0.00
2843	0.00
2844	0.00
2845	0.00
2846	0.00
2847	0.00
2848	0.30
2849	0.00
2850	0.00
2851	0.00
2852	0.00
2853	0.30
2854	0.00
2855	0.00
2856	0.00
2857	0.00
2858	0.80
2859	0.00
2860	0.00
2861	0.50
2862	0.00
2863	0.00
2864	0.00
2865	0.00
2866	0.50
2867	0.00
2868	0.00
2869	0.00
2870	0.00
2871	0.30
2872	0.30
2873	63.20
2874	0.00
2875	0.00
2876	0.50
2877	4.30
2878	35.80
2879	0.30
2880	10.20
2881	2.30
2882	0.00
2883	0.00
2884	9.70
2885	0.00
2886	0.00
2887	19.60
2888	0.00
2889	0.00
2890	0.30
2891	1.80
2892	11.70
2893	0.00
2894	0.00
2895	0.00
2896	0.00
2897	0.00
2898	0.00
2899	0.80
2900	0.50
2901	2.50
2902	0.00
2903	20.60
2904	0.30
2905	26.90
2906	23.90
2907	0.00
2908	4.30
2909	87.40
2910	0.00
2911	17.80
2912	0.30
2913	0.00
2914	0.00
2915	0.00
2916	0.00
2917	61.50
2918	0.00
2919	0.00
2920	0.00
2921	0.30
2922	13.70
2923	19.60
2924	8.90
2925	31.80
2926	0.30
2927	0.00
2928	0.00
2929	0.00
2930	0.00
2931	0.00
2932	0.00
2933	0.00
2934	0.00
2935	0.00
2936	0.00
2937	0.00
2938	0.00
2939	0.00
2940	0.00
2941	0.00
2942	9.10
2943	0.30
2944	0.00
2945	0.00
2946	0.00
2947	0.00
2948	0.00
2949	6.60
2950	0.00
2951	0.00
2952	0.00
2953	1.30
2954	0.00
2955	0.00
2956	0.00
2957	0.00
2958	0.00
2959	0.00
2960	0.00
2961	0.00
2962	0.00
2963	0.00
2964	0.00
2965	0.00
2966	0.00
2967	0.00
2968	0.00
2969	11.20
2970	4.30
2971	0.00
2972	0.00
2973	0.00
2974	0.00
2975	0.00
2976	34.00
2977	8.90
2978	0.00
2979	14.70
2980	0.00
2981	0.50
2982	0.80
2983	0.00
2984	0.00
2985	0.00
2986	0.00
2987	3.00
2988	0.00
2989	0.00
2990	0.00
2991	0.00
2992	0.00
2993	0.00
2994	0.00
2995	23.40
2996	3.00
2997	15.20
2998	33.80
2999	40.10
3000	16.30
3001	1.50
3002	0.00
3003	34.80
3004	1.00
3005	0.00
3006	0.00
3007	8.90
3008	5.10
3009	0.00
3010	50.30
3011	16.80
3012	0.00
3013	0.00
3014	0.00
3015	28.70
3016	0.00
3017	2.00
3018	0.00
3019	0.00
3020	1.00
3021	0.00
3022	0.00
3023	2.00
3024	0.00
3025	0.30
3026	4.80
3027	3.60
3028	0.50
3029	0.00
3030	0.00
3031	0.00
3032	0.00
3033	9.40
3034	0.00
3035	0.00
3036	1.80
3037	0.80
3038	2.00
3039	8.10
3040	0.00
3041	0.00
3042	0.00
3043	0.00
3044	0.00
3045	0.00
3046	0.00
3047	0.00
3048	0.00
3049	0.00
3050	0.00
3051	0.00
3052	0.00
3053	0.00
3054	0.00
3055	0.00
3056	0.00
3057	0.00
3058	0.00
3059	0.00
3060	0.00
3061	0.00
3062	0.30
3063	5.30
3064	0.00
3065	0.00
3066	0.00
3067	0.00
3068	0.00
3069	0.00
3070	0.00
3071	0.80
3072	0.00
3073	0.00
3074	0.00
3075	0.00
3076	0.00
3077	0.00
3078	0.00
3079	0.00
3080	8.10
3081	4.80
3082	0.00
3083	0.00
3084	0.00
3085	0.00
3086	0.00
3087	0.00
3088	0.00
3089	0.00
3090	0.00
3091	0.00
3092	2.00
3093	0.00
3094	0.00
3095	0.00
3096	0.00
3097	8.40
3098	0.00
3099	0.30
3100	0.00
3101	0.00
3102	2.80
3103	0.00
3104	0.00
3105	0.00
3106	2.00
3107	73.40
3108	16.80
3109	3.80
3110	0.00
3111	0.00
3112	0.00
3113	0.30
3114	0.00
3115	0.00
3116	0.30
3117	0.30
3118	0.50
3119	0.00
3120	0.30
3121	2.00
3122	0.30
3123	0.00
3124	0.00
3125	0.00
3126	0.80
3127	2.30
3128	0.00
3129	0.00
3130	0.00
3131	0.00
3132	0.00
3133	0.00
3134	0.00
3135	30.20
3136	0.30
3137	1.30
3138	0.00
3139	0.00
3140	0.00
3141	2.50
3142	0.00
3143	0.00
3144	0.00
3145	0.00
3146	0.00
3147	0.00
3148	0.00
3149	0.00
3150	0.50
3151	0.00
3152	0.00
3153	14.00
3154	14.20
3155	0.30
3156	0.50
3157	0.00
3158	0.00
3159	0.00
3160	0.50
3161	0.00
3162	0.00
3163	0.00
3164	0.00
3165	0.00
3166	0.00
3167	0.00
3168	0.00
3169	0.00
3170	0.00
3171	0.00
3172	0.00
3173	0.00
3174	0.00
3175	0.00
3176	0.00
3177	0.00
3178	0.00
3179	0.00
3180	19.30
3181	0.00
3182	0.00
3183	11.40
3184	0.00
3185	0.00
3186	37.60
3187	0.00
3188	0.00
3189	0.00
3190	0.00
3191	0.00
3192	0.00
3193	0.00
3194	0.00
3195	0.00
3196	0.00
3197	0.00
3198	1.30
3199	30.50
3200	0.80
3201	2.80
3202	0.00
3203	0.00
3204	1.80
3205	13.00
3206	4.30
3207	0.00
3208	0.00
3209	0.00
3210	0.30
3211	0.00
3212	0.00
3213	0.00
3214	0.00
3215	0.00
3216	0.00
3217	0.00
3218	0.00
3219	0.00
3220	0.00
3221	0.00
3222	0.00
3223	2.30
3224	0.00
3225	0.00
3226	0.00
3227	0.80
3228	0.00
3229	0.00
3230	0.00
3231	0.00
3232	0.00
3233	0.00
3234	0.00
3235	0.00
3236	20.30
3237	2.80
3238	0.00
3239	0.00
3240	0.00
3241	0.00
3242	0.80
3243	47.50
3244	0.30
3245	0.00
3246	0.00
3247	0.00
3248	0.00
3249	0.00
3250	0.00
3251	0.30
3252	0.00
3253	0.00
3254	0.00
3255	0.00
3256	0.00
3257	0.00
3258	6.90
3259	0.00
3260	0.00
3261	0.00
3262	0.00
3263	0.00
3264	0.00
3265	0.00
3266	0.00
3267	0.00
3268	0.00
3269	0.00
3270	0.00
3271	0.00
3272	0.00
3273	0.00
3274	0.00
3275	0.50
3276	0.80
3277	99.80
3278	3.80
3279	0.00
3280	0.00
3281	0.00
3282	0.00
3283	0.00
3284	7.90
3285	0.00
3286	2.00
3287	1.00
3288	7.90
3289	0.80
3290	24.10
3291	5.80
3292	0.00
3293	0.00
3294	0.00
3295	0.00
3296	0.00
3297	0.00
3298	0.00
3299	1.30
3300	0.00
3301	0.00
3302	0.00
3303	0.00
3304	0.00
3305	0.00
3306	0.00
3307	0.00
3308	11.70
3309	0.00
3310	5.60
3311	5.60
3312	17.80
3313	2.00
3314	0.30
3315	32.80
3316	0.00
3317	0.00
3318	0.00
3319	0.00
3320	0.00
3321	1.00
3322	0.00
3323	1.80
3324	0.00
3325	0.00
3326	2.50
3327	0.00
3328	2.00
3329	0.00
3330	1.80
3331	5.30
3332	4.30
3333	0.30
3334	14.20
3335	0.00
3336	0.00
3337	0.00
3338	0.00
3339	0.00
3340	0.00
3341	4.80
3342	0.00
3343	0.00
3344	0.00
3345	0.00
3346	3.60
3347	0.00
3348	0.00
3349	4.10
3350	0.00
3351	15.70
3352	13.20
3353	2.80
3354	13.50
3355	16.30
3356	0.00
3357	2.30
3358	2.80
3359	0.00
3360	0.00
3361	0.00
3362	0.00
3363	1.00
3364	0.00
3365	0.00
3366	1.50
3367	0.00
3368	0.00
3369	0.00
3370	0.00
3371	0.30
3372	180.30
3373	53.80
3374	77.50
3375	145.00
3376	12.70
3377	0.00
3378	0.00
3379	0.00
3380	0.00
3381	0.00
3382	0.00
3383	0.00
3384	0.00
3385	0.00
3386	0.00
3387	0.00
3388	0.00
3389	0.00
3390	0.00
3391	0.00
3392	0.00
3393	0.00
3394	0.00
3395	0.00
3396	0.00
3397	0.00
3398	0.00
3399	2.50
3400	0.00
3401	0.00
3402	0.00
3403	0.00
3404	0.00
3405	0.00
3406	0.00
3407	0.00
3408	0.00
3409	0.00
3410	0.00
3411	2.50
3412	0.30
3413	0.00
3414	0.00
3415	0.30
3416	0.00
3417	0.00
3418	5.30
3419	0.00
3420	0.00
3421	0.00
3422	0.00
3423	0.00
3424	0.00
3425	0.00
3426	0.00
3427	0.80
3428	13.00
3429	0.00
3430	27.20
3431	0.00
3432	0.00
3433	0.00
3434	0.00
3435	1.00
3436	0.00
3437	0.00
3438	0.00
3439	0.00
3440	6.60
3441	0.00
3442	0.00
3443	0.00
3444	0.00
3445	0.00
3446	0.00
3447	2.80
3448	1.30
3449	0.00
3450	0.00
3451	0.00
3452	0.00
3453	0.00
3454	0.00
3455	0.00
3456	0.00
3457	0.00
3458	0.00
3459	0.00
3460	0.30
3461	0.00
3462	0.00
3463	0.00
3464	0.00
3465	0.00
3466	0.00
3467	0.00
3468	0.00
3469	0.00
3470	0.00
3471	0.00
3472	16.80
3473	5.80
3474	11.20
3475	20.80
3476	6.10
3477	1.00
3478	0.00
3479	0.00
3480	0.00
3481	0.00
3482	0.00
3483	0.00
3484	0.00
3485	4.80
3486	0.00
3487	8.40
3488	0.00
3489	3.60
3490	0.00
3491	2.50
3492	1.00
3493	0.00
3494	0.00
3495	3.80
3496	8.60
3497	0.00
3498	0.30
3499	1.80
3500	0.30
3501	0.00
3502	0.00
3503	0.00
3504	0.00
3505	0.00
3506	0.00
3507	2.50
3508	1.00
3509	0.00
3510	0.00
3511	11.20
3512	0.00
3513	0.00
3514	0.00
3515	0.00
3516	5.30
3517	0.00
3518	0.00
3519	8.60
3520	9.40
3521	0.00
3522	0.30
3523	0.00
3524	0.00
3525	0.00
3526	0.30
3527	14.70
3528	0.30
3529	0.00
3530	0.00
3531	0.00
3532	0.00
3533	0.00
3534	0.80
3535	0.00
3536	0.00
3537	0.80
3538	4.60
3539	0.00
3540	0.80
3541	48.50
3542	0.00
3543	0.00
3544	1.80
3545	0.00
3546	0.00
3547	0.00
3548	0.00
3549	0.00
3550	0.00
3551	0.00
3552	5.30
3553	2.00
3554	0.00
3555	0.00
3556	1.80
3557	0.00
3558	0.00
3559	0.00
3560	0.00
3561	0.00
3562	0.30
3563	0.00
3564	5.60
3565	17.00
3566	0.00
3567	0.00
3568	0.00
3569	2.00
3570	0.30
3571	0.00
3572	0.00
3573	0.00
3574	0.00
3575	0.50
3576	0.30
3577	0.00
3578	0.50
3579	0.00
3580	0.00
3581	0.00
3582	0.00
3583	0.00
3584	0.00
3585	0.00
3586	0.00
3587	4.60
3588	38.10
3589	0.00
3590	0.00
3591	0.00
3592	0.00
3593	0.00
3594	0.30
3595	5.60
3596	0.00
3597	0.30
3598	0.00
3599	0.80
3600	0.00
3601	0.00
3602	0.00
3603	0.00
3604	13.00
3605	0.00
3606	0.00
3607	0.00
3608	0.00
3609	0.00
3610	0.00
3611	24.40
3612	2.00
3613	0.00
3614	0.00
3615	0.00
3616	0.00
3617	0.00
3618	0.00
3619	0.00
3620	0.00
3621	0.00
3622	0.00
3623	0.00
3624	0.00
3625	0.00
3626	0.00
3627	0.00
3628	0.00
3629	0.00
3630	0.00
3631	0.00
3632	0.00
3633	0.00
3634	0.00
3635	0.00
3636	0.00
3637	0.00
3638	0.00
3639	0.00
3640	8.90
3641	14.50
3642	0.00
3643	55.40
3644	0.80
3645	0.00
3646	10.20
3647	13.20
3648	0.00
3649	0.00
3650	0.00
3651	0.00
